choose 1 2167 1
choose 2167 3386 8
choose 3386 1230 8
choose 1230 3087 11
choose 3087 1339 6
choose 1339 3898 8
choose 3898 1101 4
choose 3898 258 5
choose 3898 553 8
choose 1101 1778 8
choose 1339 4624 8
choose 1339 2477 11
choose 2477 2333 11
choose 1778 3912 11
choose 3912 2902 8
choose 3912 3793 8
choose 1778 2815 12
choose 2902 3445 13
choose 2333 3967 13
choose 1339 4259 14
choose 4259 252 2
choose 4259 4276 11
choose 4276 3994 9
choose 3994 3543 2
choose 4276 2765 11
choose 3386 4901 14
choose 4901 1273 5
choose 4901 520 11
choose 4901 3851 13
choose 3851 1024 4
choose 4901 2748 14
choose 2748 3863 6
choose 3863 202 6
choose 202 2379 2
choose 2379 3631 6
choose 3631 2171 2
choose 2748 3771 7
choose 3771 4845 6
choose 3863 375 8
choose 375 2177 6
choose 2177 2164 7
choose 2164 4444 6
choose 4444 4349 4
choose 4349 1195 4
choose 1195 1633 4
choose 4845 15 9
choose 202 2335 10
choose 2335 3565 5
choose 3565 456 5
choose 456 4421 8
choose 4444 4086 10
choose 4086 3763 9
choose 3763 3632 11
choose 3632 3684 5
choose 3684 644 5
choose 3684 3490 5
choose 3632 576 6
choose 644 1822 7
choose 1822 306 8
choose 306 754 1
choose 754 2648 4
choose 2648 2986 3
choose 2986 2211 4
choose 2648 2730 4
choose 2730 1582 6
choose 1582 582 2
choose 1582 3723 4
choose 306 1787 6
choose 2648 1436 7
choose 2986 1510 7
choose 3490 3909 8
choose 2730 4316 9
choose 1633 2237 12
choose 2237 3745 7
choose 3745 749 6
choose 3745 2921 9
choose 2237 3878 9
choose 3878 126 3
choose 126 68 12
choose 2237 724 12
choose 3771 2393 12
choose 2393 3209 3
choose 749 2573 12
choose 2573 4501 5
choose 2573 1585 6
choose 4501 2045 9
choose 2045 4962 3
choose 2045 2463 5
choose 2463 1568 7
choose 2045 1886 7
choose 2463 1288 11
choose 2573 2150 11
choose 2463 3894 11
choose 3745 3099 12
choose 749 3212 12
choose 3212 3258 3
choose 3212 2437 4
choose 3258 4927 8
choose 4927 1385 8
choose 1385 1964 5
choose 3212 4658 9
choose 4658 4154 9
choose 2379 4015 12
choose 4015 4029 1
choose 4029 853 4
choose 4015 3544 5
choose 3544 4415 4
choose 4415 3425 2
choose 3425 447 1
choose 853 3895 7
choose 4029 4761 7
choose 3895 3191 12
choose 3191 499 11
choose 3191 3489 12
choose 3489 891 1
choose 891 3965 12
choose 2921 232 13
choose 232 3751 6
choose 2573 261 13
choose 261 3530 6
choose 3530 4697 8
choose 3212 716 13
choose 716 1051 1
choose 716 3861 6
choose 1051 2390 8
choose 3861 1797 10
choose 1797 1853 5
choose 3861 2627 12
choose 2627 2907 8
choose 2907 281 1
choose 4015 1274 13
choose 1274 1252 7
choose 3099 1294 13
choose 1294 4753 9
choose 1294 1839 13
choose 1839 4530 11
choose 1886 2690 13
choose 2690 435 3
choose 306 3085 13
choose 3085 3660 4
choose 3085 4030 12
choose 4030 527 2
choose 527 2852 3
choose 2852 3051 3
choose 3051 3082 1
choose 3051 1901 2
choose 3051 297 3
choose 527 3648 3
choose 3051 4238 3
choose 1901 1291 4
choose 1291 4335 3
choose 4335 3380 2
choose 3051 239 5
choose 527 3929 6
choose 3082 3989 6
choose 1291 924 7
choose 924 380 2
choose 924 1763 3
choose 924 2949 6
choose 4335 4946 7
choose 3648 4266 10
choose 4266 2378 1
choose 2378 241 8
choose 1291 4447 10
choose 297 3873 11
choose 3873 917 10
choose 3873 193 11
choose 193 1201 5
choose 193 3358 5
choose 3358 2513 1
choose 3358 2577 6
choose 2513 1346 7
choose 1346 1148 4
choose 297 4533 12
choose 4533 3883 2
choose 3883 2136 1
choose 4533 4395 5
choose 4395 4455 2
choose 3883 2684 6
choose 2684 1178 7
choose 2684 2326 7
choose 2326 4982 1
choose 2326 286 3
choose 4982 884 5
choose 286 1888 8
choose 4982 3231 8
choose 3231 3582 5
choose 3582 4318 5
choose 4318 1050 6
choose 1050 1908 1
choose 4395 2267 9
choose 2267 2944 9
choose 2944 3088 3
choose 1908 3020 10
choose 3088 4217 12
choose 2378 1243 13
choose 456 3456 13
choose 3456 4398 9
choose 4398 777 2
choose 777 1489 1
choose 777 4188 2
choose 4188 4839 11
choose 4839 4161 5
choose 4188 2927 12
choose 4015 4219 13
choose 4219 4743 6
choose 4845 4776 13
choose 4776 1777 3
choose 4776 1953 6
choose 4776 427 10
choose 3565 4807 13
choose 4807 4795 9
choose 4795 4791 10
choose 4791 4307 9
choose 4307 918 9
choose 918 2959 8
choose 2959 2676 6
choose 2959 3889 7
choose 3889 2603 3
choose 2603 4297 2
choose 3889 2608 10
choose 2603 133 11
choose 133 2404 6
choose 133 41 8
choose 41 2774 1
choose 2774 3486 2
choose 41 2889 6
choose 2774 4089 6
choose 133 4478 8
choose 4478 3903 1
choose 2608 604 11
choose 604 2972 8
choose 604 784 10
choose 784 2517 1
choose 2517 3729 1
choose 2404 992 11
choose 2972 2309 12
choose 2309 2555 2
choose 2555 4520 2
choose 4520 1606 2
choose 2309 1442 3
choose 1442 3430 2
choose 1442 1236 3
choose 3430 4682 4
choose 1236 1143 8
choose 2555 562 9
choose 4682 2714 9
choose 2714 1883 1
choose 1236 700 10
choose 1442 4142 10
choose 4142 551 1
choose 1606 1275 11
choose 1275 2024 3
choose 2024 2050 4
choose 1275 3516 5
choose 2024 4656 5
choose 1275 1387 7
choose 2024 1873 7
choose 3516 2325 8
choose 2325 2228 1
choose 2325 4620 2
choose 2228 1492 6
choose 2325 805 7
choose 805 901 1
choose 805 2458 4
choose 901 269 9
choose 269 2640 4
choose 2640 2074 5
choose 269 2400 5
choose 2400 3596 2
choose 3596 3110 1
choose 3110 1242 1
choose 1242 183 4
choose 183 734 3
choose 183 4065 4
choose 4065 2860 5
choose 3596 2251 7
choose 2251 3946 4
choose 4065 70 8
choose 70 2298 3
choose 3110 3505 9
choose 3505 4635 6
choose 2860 3526 9
choose 734 3290 10
choose 3290 4003 2
choose 3290 75 5
choose 75 23 6
choose 4065 3712 10
choose 3712 3969 6
choose 3969 3511 2
choose 3511 522 1
choose 3969 3809 2
choose 3809 976 5
choose 976 1367 2
choose 976 4058 9
choose 4058 3077 5
choose 3077 2046 1
choose 2046 3446 3
choose 3446 462 4
choose 462 1919 1
choose 3446 1575 4
choose 462 1921 5
choose 1921 3680 1
choose 3680 699 4
choose 3680 1265 4
choose 1265 128 5
choose 462 4103 5
choose 3680 4782 5
choose 1919 859 7
choose 4103 1979 7
choose 1979 3959 1
choose 1979 2066 6
choose 1979 561 7
choose 1921 2467 8
choose 4058 1646 9
choose 4103 4802 9
choose 4802 450 4
choose 450 3584 7
choose 1979 2952 10
choose 2952 3136 6
choose 3136 1213 3
choose 2952 1310 9
choose 4802 3273 10
choose 3273 1687 2
choose 3273 2085 7
choose 2085 1170 4
choose 1170 2671 2
choose 522 3984 10
choose 859 4091 10
choose 4091 775 3
choose 4091 2234 4
choose 522 4132 10
choose 1919 4949 10
choose 4949 1304 1
choose 1304 2624 1
choose 1304 1617 2
choose 2624 1934 5
choose 2624 4151 6
choose 4151 2766 3
choose 2766 3438 8
choose 3438 3172 4
choose 3172 4035 3
choose 4035 432 2
choose 4151 2041 10
choose 4035 3024 10
choose 3024 2360 1
choose 2360 222 2
choose 561 625 11
choose 625 796 2
choose 796 4601 8
choose 3809 936 11
choose 936 3126 8
choose 3126 2286 2
choose 2286 3183 2
choose 3126 197 3
choose 3183 657 7
choose 657 2097 6
choose 2097 1371 3
choose 2286 11 9
choose 11 1484 9
choose 1484 1932 2
choose 11 2809 9
choose 2097 1123 10
choose 1123 3179 7
choose 1123 3964 9
choose 3964 3428 3
choose 3964 225 5
choose 225 96 3
choose 225 1057 6
choose 1057 102 9
choose 2952 1348 11
choose 225 1680 11
choose 1680 4060 7
choose 96 2450 11
choose 2450 4950 3
choose 4950 997 6
choose 997 265 10
choose 265 1028 8
choose 1028 581 10
choose 581 752 5
choose 581 4390 10
choose 4390 45 1
choose 45 4838 9
choose 4838 3678 8
choose 4390 1738 10
choose 1028 1070 11
choose 1070 3055 3
choose 3055 1254 2
choose 1254 1537 1
choose 1070 877 10
choose 877 3866 7
choose 3866 2247 8
choose 2247 1509 7
choose 3438 2606 11
choose 2606 3382 6
choose 3946 3093 11
choose 3093 3988 3
choose 45 3843 11
choose 2450 4310 11
choose 796 4992 11
choose 4992 2592 2
choose 4992 421 11
choose 421 363 5
choose 421 1528 5
choose 1528 2328 2
choose 2328 3233 7
choose 3233 4735 5
choose 363 3738 11
choose 1236 77 12
choose 421 535 12
choose 3077 760 12
choose 760 4018 1
choose 760 2913 6
choose 760 3448 9
choose 1265 765 12
choose 765 3072 8
choose 3072 334 4
choose 334 1813 3
choose 1813 2585 4
choose 1813 3418 4
choose 2585 1973 6
choose 1973 1166 5
choose 3418 4724 7
choose 4724 3748 7
choose 1813 725 9
choose 725 2925 9
choose 2925 2707 8
choose 1973 4084 10
choose 4084 2622 6
choose 2622 4059 1
choose 4059 4300 7
choose 4300 1180 4
choose 4300 459 7
choose 459 1438 1
choose 459 1728 3
choose 459 2582 4
choose 1728 1570 5
choose 1570 557 3
choose 557 4183 3
choose 4183 1394 3
choose 1394 3026 2
choose 1394 2096 5
choose 459 2597 6
choose 2597 394 3
choose 1438 3674 7
choose 3674 4229 2
choose 2582 4909 8
choose 1438 979 11
choose 979 1729 4
choose 3136 1043 12
choose 1043 1727 2
choose 1043 2377 8
choose 2085 1491 12
choose 2309 1950 12
choose 3446 2567 12
choose 4682 3299 12
choose 133 3579 12
choose 3579 1904 3
choose 3579 4804 11
choose 1873 3641 12
choose 4132 3841 12
choose 918 3930 12
choose 3930 4860 1
choose 4059 4102 12
choose 4102 3517 2
choose 3517 1298 12
choose 2286 4341 12
choose 4341 3920 11
choose 222 4580 12
choose 4580 4593 2
choose 4593 513 6
choose 4580 1622 6
choose 1622 437 2
choose 2582 150 13
choose 4018 899 13
choose 899 3432 8
choose 3432 1869 1
choose 899 4389 9
choose 3432 938 12
choose 938 1791 12
choose 23 920 13
choose 1371 1187 13
choose 2624 1248 13
choose 1248 1539 3
choose 1248 4800 6
choose 1539 4028 7
choose 1539 2311 10
choose 2311 2221 11
choose 2221 1628 11
choose 1628 2557 3
choose 1628 673 4
choose 673 4836 3
choose 4836 2119 4
choose 4836 1375 9
choose 1539 1088 13
choose 760 1649 13
choose 3486 3561 13
choose 3561 457 3
choose 457 2261 3
choose 457 4476 5
choose 457 1815 12
choose 457 1267 13
choose 3233 3628 13
choose 3628 3094 1
choose 3094 113 3
choose 113 288 5
choose 3094 2743 9
choose 2743 4243 11
choose 4243 1651 5
choose 3094 4355 12
choose 4355 3348 1
choose 3348 51 12
choose 4355 2922 13
choose 2922 1757 6
choose 2555 3671 13
choose 3671 2725 1
choose 992 3709 13
choose 3709 4969 11
choose 4969 2553 6
choose 4969 4981 8
choose 4782 4051 13
choose 4051 3465 9
choose 3465 969 9
choose 3465 1498 10
choose 4051 3864 11
choose 3864 2229 8
choose 2229 194 2
choose 194 2246 2
choose 194 970 3
choose 3465 1814 13
choose 1814 216 6
choose 4860 4640 13
choose 2671 536 14
choose 536 1857 13
choose 536 3971 13
choose 3971 703 1
choose 703 1027 4
choose 3971 2397 10
choose 2397 2779 4
choose 2397 1409 8
choose 2397 343 11
choose 23 550 14
choose 550 1985 12
choose 1985 4152 2
choose 4152 1402 11
choose 3530 1006 14
choose 1006 1015 7
choose 1015 1379 2
choose 1379 4550 2
choose 4550 3171 2
choose 3171 140 9
choose 1006 4074 9
choose 4074 2777 7
choose 2777 1504 2
choose 2777 327 5
choose 140 3329 10
choose 3329 3733 3
choose 3171 2398 11
choose 1006 31 12
choose 31 3820 3
choose 3820 4554 10
choose 4554 420 8
choose 3733 40 12
choose 40 4380 5
choose 4550 1022 12
choose 4554 3379 12
choose 140 3502 12
choose 3502 3699 2
choose 3699 4159 4
choose 3699 769 8
choose 3502 2034 9
choose 2034 465 5
choose 2034 1190 10
choose 1190 3859 7
choose 2398 4747 12
choose 4747 2997 8
choose 2997 3178 5
choose 3178 3433 3
choose 4747 3493 11
choose 4074 1231 13
choose 1190 3404 13
choose 465 439 14
choose 439 3532 7
choose 40 472 14
choose 2997 517 14
choose 2034 626 14
choose 343 1011 14
choose 1011 2212 13
choose 3093 1075 14
choose 1075 24 6
choose 24 514 3
choose 1075 2769 6
choose 514 2987 13
choose 2987 2405 5
choose 2405 2985 4
choose 2985 592 4
choose 2405 1086 13
choose 1086 1749 6
choose 3883 1125 14
choose 3771 1208 14
choose 1208 2847 10
choose 2847 3301 6
choose 2847 3739 8
choose 3739 100 12
choose 100 4470 12
choose 4470 3504 1
choose 3739 4169 13
choose 100 4180 13
choose 4180 761 4
choose 761 1877 1
choose 918 1284 14
choose 1284 2438 3
choose 2438 3449 6
choose 3449 1984 3
choose 1984 3260 4
choose 3260 1739 3
choose 1739 2704 1
choose 3260 2589 3
choose 3449 4954 4
choose 2704 4040 5
choose 3449 4041 6
choose 3449 4370 9
choose 4370 1947 9
choose 1947 3944 6
choose 1947 4214 8
choose 4214 2353 3
choose 2353 295 3
choose 295 1381 10
choose 1984 3039 10
choose 3039 1675 12
choose 4954 661 14
choose 661 3494 13
choose 3494 2259 9
choose 1813 1487 14
choose 775 1551 14
choose 1551 1321 3
choose 1551 1968 3
choose 1968 722 8
choose 722 409 7
choose 409 3463 5
choose 1551 1126 13
choose 884 1577 14
choose 1577 1058 9
choose 2944 1603 14
choose 1603 3814 12
choose 3814 2912 6
choose 2912 2647 5
choose 2912 4960 5
choose 1603 4622 13
choose 4622 3979 6
choose 3979 2799 1
choose 2799 1270 1
choose 1270 1012 6
choose 1270 991 7
choose 1012 4654 7
choose 4622 2282 8
choose 991 2313 8
choose 2313 3198 4
choose 1270 2451 10
choose 2282 3125 10
choose 3861 1656 14
choose 4697 1898 14
choose 1898 3975 1
choose 1898 4679 7
choose 2261 1988 14
choose 1988 579 7
choose 579 1670 14
choose 450 2033 14
choose 2852 2342 14
choose 2342 3459 3
choose 2342 1212 5
choose 3459 1837 6
choose 3459 4237 11
choose 4237 3757 6
choose 3757 2789 7
choose 3757 4437 7
choose 3530 2381 14
choose 2381 3928 11
choose 3928 2497 9
choose 2497 789 2
choose 789 3412 1
choose 2497 4783 9
choose 4783 3619 2
choose 1839 2407 14
choose 657 2432 14
choose 2432 2614 2
choose 2432 3482 8
choose 3482 2679 13
choose 2679 771 5
choose 771 433 3
choose 433 4841 1
choose 433 1581 2
choose 433 2455 13
choose 1581 3182 13
choose 3182 4773 2
choose 4773 1313 2
choose 1313 1758 8
choose 1313 47 9
choose 1313 3824 10
choose 3824 3497 9
choose 3430 2524 14
choose 2524 4446 12
choose 4446 738 7
choose 738 329 1
choose 738 3080 6
choose 3080 3196 4
choose 3080 3414 6
choose 3125 2660 14
choose 2660 3326 3
choose 3326 1667 2
choose 3326 2185 5
choose 2185 2876 2
choose 2876 2408 5
choose 3326 4816 12
choose 4816 880 3
choose 880 208 7
choose 208 2245 5
choose 208 3270 11
choose 2876 647 13
choose 2408 1345 14
choose 1345 2618 3
choose 1345 584 13
choose 1345 4810 13
choose 4810 2443 1
choose 2443 1765 1
choose 4810 1478 2
choose 4810 2170 4
choose 2443 2197 4
choose 2197 4823 2
choose 2197 1474 7
choose 1474 1652 1
choose 4810 1030 8
choose 1030 2762 7
choose 1652 2726 10
choose 2726 1357 8
choose 2726 3961 10
choose 3961 1413 1
choose 1765 4626 10
choose 4626 138 7
choose 2726 862 11
choose 4823 1900 11
choose 3209 2745 14
choose 2745 2079 14
choose 2079 4452 6
choose 4452 3914 3
choose 4452 3350 7
choose 3914 4709 8
choose 3350 1418 12
choose 3350 3627 12
choose 1379 2825 14
choose 2825 4553 6
choose 1898 2953 14
choose 96 3235 14
choose 2922 3355 14
choose 40 3567 14
choose 551 3597 14
choose 3597 3263 5
choose 3263 3434 12
choose 3434 3846 3
choose 3846 2601 6
choose 2601 1049 10
choose 4035 3683 14
choose 1489 3815 14
choose 150 3913 14
choose 3913 3247 9
choose 1348 3972 14
choose 3972 2373 10
choose 884 4055 14
choose 3984 4087 14
choose 4087 3168 5
choose 3168 1481 6
choose 1481 4607 11
choose 3168 333 13
choose 1367 4104 14
choose 3178 4117 14
choose 4117 3577 3
choose 4753 4208 14
choose 4208 3259 11
choose 3259 2188 6
choose 4117 4321 14
choose 343 4379 14
choose 4379 4637 9
choose 4637 2449 2
choose 4379 3130 11
choose 2449 4017 11
choose 520 4754 14
choose 4754 4888 4
choose 4754 3201 5
choose 3201 159 9
choose 159 1353 4
choose 1353 1657 9
choose 1657 3823 1
choose 1657 2993 8
choose 2993 3767 4
choose 3767 4636 3
choose 4636 1826 4
choose 2993 812 7
choose 4636 1563 7
choose 3767 1259 11
choose 4888 4769 13
choose 1353 26 14
choose 26 2086 9
choose 26 3340 13
choose 2953 4755 14
choose 4755 2961 2
choose 2961 3306 4
choose 2961 2531 5
choose 2961 4608 6
choose 4608 1501 5
choose 4608 1233 9
choose 1233 1455 3
choose 1455 3030 3
choose 3030 3195 7
choose 3195 2218 8
choose 1455 66 10
choose 1455 2639 10
choose 4608 1939 13
choose 1939 649 6
choose 649 1502 2
choose 649 1732 5
choose 1939 594 9
choose 1939 3635 12
choose 3635 379 14
choose 379 1598 2
choose 379 1312 13
choose 3632 4897 14
choose 4897 2310 2
choose 2310 2294 1
choose 3380 4917 14
choose 1288 4951 14
choose 2218 4968 14
choose 4968 1130 12
choose 1130 3289 1
choose 1130 677 3
choose 3289 89 4
choose 2390 98 15
choose 3729 200 15
choose 2972 205 15
choose 2066 467 15
choose 467 1426 5
choose 3039 494 15
choose 494 3095 10
choose 3095 4503 10
choose 4503 268 10
choose 4503 56 11
choose 56 2761 7
choose 56 191 8
choose 191 3880 9
choose 494 886 11
choose 268 3042 11
choose 3042 260 3
choose 3042 4953 5
choose 3042 4373 10
choose 260 2784 11
choose 2784 3701 2
choose 3701 4521 5
choose 4521 1210 1
choose 4521 4507 3
choose 4521 314 6
choose 1210 2804 6
choose 4521 4072 6
choose 4072 2288 1
choose 3042 3141 12
choose 3141 4075 1
choose 3880 1219 13
choose 1219 1699 9
choose 1219 1128 13
choose 1128 4150 4
choose 4150 1080 2
choose 1080 3473 1
choose 4150 3044 8
choose 4150 2036 9
choose 2036 316 1
choose 2036 3908 6
choose 3908 1239 1
choose 3908 3399 6
choose 2036 1290 9
choose 1290 227 4
choose 227 4513 5
choose 2036 4825 9
choose 4825 4280 5
choose 4150 12 10
choose 4513 4311 11
choose 4150 3392 12
choose 3392 1272 11
choose 12 820 13
choose 2804 1804 13
choose 1804 4867 1
choose 1804 446 2
choose 1804 309 12
choose 309 1496 4
choose 309 2696 7
choose 2696 2428 1
choose 2696 2881 5
choose 2881 654 10
choose 2761 2713 13
choose 316 2798 13
choose 2798 1503 3
choose 1503 1960 4
choose 2798 2395 9
choose 2881 3280 13
choose 3280 614 12
choose 614 201 3
choose 201 3887 7
choose 3887 3510 1
choose 3510 2740 3
choose 3887 4231 3
choose 201 3785 8
choose 201 966 10
choose 966 2013 10
choose 2013 772 6
choose 2013 431 13
choose 191 3462 13
choose 654 3982 13
choose 4311 4515 14
choose 4515 2995 12
choose 1960 4614 14
choose 309 4878 14
choose 772 253 15
choose 253 3663 3
choose 253 4926 3
choose 3497 593 15
choose 593 4487 6
choose 4487 2049 3
choose 2049 3377 3
choose 593 1422 8
choose 1254 695 15
choose 1563 731 15
choose 1310 1071 15
choose 1071 1096 15
choose 1096 580 11
choose 580 1897 12
choose 1897 2117 3
choose 1096 4959 12
choose 4959 4541 1
choose 4959 1037 5
choose 1037 4138 6
choose 4138 3533 9
choose 3533 4424 7
choose 4424 130 2
choose 1897 4092 13
choose 4092 2692 2
choose 4092 706 8
choose 706 1406 3
choose 706 4129 11
choose 4129 610 10
choose 610 1741 1
choose 4129 638 10
choose 638 2525 6
choose 638 4979 12
choose 706 4044 13
choose 4044 2022 5
choose 2022 4543 5
choose 4543 518 7
choose 518 2213 3
choose 2022 4842 7
choose 518 1762 13
choose 1762 1172 3
choose 1762 3899 4
choose 1762 274 13
choose 1172 779 15
choose 779 2772 5
choose 779 750 7
choose 750 3458 2
choose 3504 1152 15
choose 1152 1358 6
choose 1358 2186 13
choose 2186 4057 7
choose 4057 2569 3
choose 2569 2075 12
choose 527 1169 15
choose 1248 1370 15
choose 1370 2331 1
choose 1370 3706 8
choose 3706 4088 8
choose 4088 3076 14
choose 3076 82 5
choose 82 2807 14
choose 2807 844 10
choose 2807 2131 14
choose 2131 4002 3
choose 1888 1432 15
choose 1432 3633 8
choose 1432 3805 14
choose 1960 1488 15
choose 1488 2691 12
choose 2691 1978 1
choose 2691 3535 8
choose 3535 523 5
choose 523 4453 8
choose 2997 1565 15
choose 2671 1569 15
choose 1569 64 8
choose 4735 1697 15
choose 2959 1841 15
choose 1841 4443 4
choose 1841 1490 8
choose 4608 1870 15
choose 1870 1083 3
choose 1083 4322 2
choose 4322 4805 3
choose 1083 558 5
choose 4805 1081 12
choose 1081 1376 3
choose 1376 2266 3
choose 1376 2207 4
choose 2207 837 1
choose 2207 2721 5
choose 2721 3226 2
choose 1081 4602 5
choose 3226 1047 7
choose 1047 3078 8
choose 3078 852 3
choose 852 3955 8
choose 3226 1255 9
choose 1255 2803 8
choose 3078 4599 9
choose 4599 1764 9
choose 1764 1731 3
choose 1731 543 2
choose 543 4545 2
choose 1764 2169 3
choose 543 3652 3
choose 2169 21 9
choose 21 2300 3
choose 1731 3743 9
choose 4599 2203 10
choose 4599 810 11
choose 810 2067 4
choose 810 2042 10
choose 2042 4961 3
choose 4961 856 4
choose 856 4274 1
choose 856 1706 3
choose 856 745 4
choose 745 3810 7
choose 3810 2776 2
choose 3810 4196 5
choose 4196 757 1
choose 757 405 3
choose 3810 4826 5
choose 3810 3062 6
choose 3062 1733 5
choose 1733 3285 2
choose 1733 2685 3
choose 1733 2535 5
choose 2535 3344 6
choose 2685 659 7
choose 659 1235 4
choose 2535 1673 7
choose 1673 4663 4
choose 4663 3580 3
choose 3580 1776 7
choose 2685 4696 7
choose 1733 97 9
choose 97 1855 3
choose 4196 1795 9
choose 405 3061 9
choose 4696 2512 11
choose 2512 2580 1
choose 3078 2977 11
choose 2512 4209 11
choose 3955 1580 12
choose 1855 1748 12
choose 2535 3479 12
choose 3479 4112 4
choose 3479 941 11
choose 3580 4312 12
choose 852 1144 13
choose 1144 3790 2
choose 1144 2878 5
choose 2878 2155 6
choose 2155 4737 10
choose 4737 2951 3
choose 2951 2321 9
choose 2321 940 9
choose 940 4896 12
choose 4896 2284 1
choose 1255 1434 13
choose 1434 3753 10
choose 3753 3702 6
choose 3702 2732 8
choose 2732 1429 6
choose 3702 4234 9
choose 1434 4010 12
choose 4010 2323 10
choose 4010 1613 11
choose 4010 1965 13
choose 1965 2402 13
choose 2402 1188 3
choose 2402 1425 12
choose 3062 2901 13
choose 2901 1710 5
choose 1710 3164 8
choose 4961 2941 13
choose 4602 3186 13
choose 3186 3319 3
choose 3186 3956 6
choose 3956 1218 2
choose 3186 3622 10
choose 3622 4616 8
choose 4616 2984 10
choose 2984 2509 9
choose 2509 687 2
choose 3319 4869 11
choose 4869 701 4
choose 4869 3529 11
choose 3529 3728 1
choose 3728 2551 2
choose 3529 4328 10
choose 4328 2835 7
choose 2835 304 2
choose 3529 2214 11
choose 2214 1616 8
choose 1616 1971 7
choose 1616 723 12
choose 4869 1221 13
choose 1221 290 6
choose 1221 3390 13
choose 3390 4552 8
choose 2721 74 14
choose 74 942 10
choose 942 4765 10
choose 942 58 14
choose 1083 922 14
choose 922 3844 4
choose 3844 726 13
choose 726 2452 11
choose 2452 2475 10
choose 4322 983 14
choose 983 2473 11
choose 2473 875 3
choose 875 1494 7
choose 1494 1427 7
choose 1427 1512 7
choose 875 1910 7
choose 1910 3675 6
choose 3675 1337 3
choose 1337 3788 1
choose 1512 3528 11
choose 2580 1825 14
choose 4274 1846 14
choose 2977 2495 14
choose 2495 3127 6
choose 3127 4560 4
choose 1083 2793 14
choose 2793 4932 5
choose 3622 2834 14
choose 2834 827 11
choose 922 3256 14
choose 3256 4340 1
choose 1673 3911 14
choose 1337 4523 14
choose 4523 4094 2
choose 2155 4908 14
choose 4908 1843 4
choose 4908 1378 13
choose 1378 1323 7
choose 1323 4285 5
choose 4285 4920 4
choose 4920 20 5
choose 4285 3996 10
choose 3996 2365 4
choose 4920 4216 14
choose 4216 1053 7
choose 1053 3028 1
choose 1053 3346 5
choose 3028 4619 8
choose 4619 1466 10
choose 1466 1203 5
choose 1466 3869 10
choose 1053 501 12
choose 501 2668 1
choose 2668 3980 2
choose 501 4178 8
choose 501 230 13
choose 1053 3923 13
choose 1053 4534 13
choose 4534 1632 3
choose 4534 1529 12
choose 4178 3437 14
choose 3437 3311 5
choose 3311 4423 4
choose 1255 4948 14
choose 4948 533 4
choose 533 144 9
choose 3930 1995 15
choose 856 2063 15
choose 2063 1295 12
choose 1295 1354 13
choose 4285 2087 15
choose 269 2113 15
choose 3675 2182 15
choose 459 2231 15
choose 2231 3821 4
choose 3821 3833 1
choose 2231 2201 9
choose 2201 388 8
choose 388 1278 8
choose 2201 3826 9
choose 3826 3232 2
choose 388 2420 10
choose 2231 3200 10
choose 3833 3250 10
choose 3250 2611 6
choose 2611 1287 6
choose 1287 2082 9
choose 2082 2431 2
choose 3250 770 12
choose 770 1069 4
choose 1278 1850 13
choose 2231 3664 14
choose 3250 72 15
choose 72 987 9
choose 987 3205 14
choose 3205 2950 4
choose 3205 3513 8
choose 3513 4846 3
choose 3513 3115 11
choose 3115 2666 2
choose 3115 3852 6
choose 2420 890 15
choose 890 507 3
choose 890 4651 3
choose 507 2874 4
choose 890 4673 6
choose 4673 3104 5
choose 4651 3424 8
choose 3424 1576 2
choose 3424 4145 14
choose 4145 2848 10
choose 827 2244 15
choose 2244 4995 12
choose 614 2253 15
choose 2253 2345 2
choose 2345 120 8
choose 193 2336 15
choose 2921 2348 15
choose 2348 519 1
choose 519 242 3
choose 242 1256 14
choose 3164 2386 15
choose 4234 2433 15
choose 3529 2474 15
choose 2474 615 1
choose 2474 2070 1
choose 2474 1461 3
choose 2070 2550 3
choose 2070 4603 5
choose 2474 758 12
choose 1461 1439 14
choose 4603 1936 15
choose 1936 4076 9
choose 4076 655 6
choose 4076 4438 9
choose 2311 2641 15
choose 2714 2655 15
choose 2655 934 8
choose 934 1801 3
choose 2655 3016 9
choose 3016 3855 2
choose 3016 651 3
choose 3016 4955 4
choose 3016 3637 8
choose 3637 3654 2
choose 3016 2623 9
choose 3016 4344 9
choose 4344 690 4
choose 690 2805 3
choose 2805 336 11
choose 336 902 9
choose 2805 1508 11
choose 934 2461 12
choose 1801 4855 12
choose 2655 4906 13
choose 4906 3408 1
choose 3408 1139 4
choose 4906 3520 11
choose 3520 2028 6
choose 2028 14 6
choose 3520 566 11
choose 2028 2928 13
choose 2928 3948 6
choose 3948 234 6
choose 234 4895 9
choose 3948 3737 10
choose 2028 276 14
choose 276 137 5
choose 137 4973 8
choose 4973 3097 11
choose 2461 587 14
choose 587 2143 5
choose 4089 2760 15
choose 2760 1045 5
choose 1045 4148 6
choose 4148 1627 5
choose 1627 1121 7
choose 1121 4077 7
choose 4077 1639 9
choose 1639 1612 10
choose 4148 1329 11
choose 4077 2341 12
choose 1612 2720 15
choose 3567 2822 15
choose 2822 3877 1
choose 2822 1136 4
choose 1136 1336 1
choose 1136 3169 2
choose 1336 675 3
choose 675 3917 1
choose 3169 4263 3
choose 1136 1567 10
choose 1336 2476 12
choose 2476 3405 9
choose 4263 3590 12
choose 2476 1664 13
choose 2476 1067 14
choose 1336 2297 14
choose 1664 4671 14
choose 4671 3385 6
choose 3590 1141 15
choose 1141 132 2
choose 132 2923 1
choose 2923 4359 9
choose 132 4736 13
choose 3917 1444 15
choose 1444 502 1
choose 502 1334 8
choose 1664 1452 15
choose 1960 3064 15
choose 3064 1553 12
choose 1553 4348 3
choose 68 3173 15
choose 2452 3310 15
choose 3310 3839 11
choose 3839 2434 2
choose 3839 4126 9
choose 3767 3436 15
choose 3061 3522 15
choose 3522 898 11
choose 2087 3548 15
choose 3548 1626 10
choose 1626 141 8
choose 1626 1046 9
choose 1046 4887 1
choose 1528 3598 15
choose 128 3608 15
choose 3608 374 6
choose 374 954 1
choose 3608 4726 13
choose 4726 4794 1
choose 4726 80 5
choose 4794 3480 7
choose 3480 2415 7
choose 80 3992 9
choose 3992 3884 10
choose 3884 3025 9
choose 2415 2894 12
choose 954 3277 15
choose 3277 3643 7
choose 3277 3190 14
choose 3190 2060 10
choose 3190 453 15
choose 3433 3718 15
choose 3718 2687 2
choose 2687 4376 9
choose 4376 148 11
choose 3718 2031 11
choose 2031 1842 3
choose 1842 1214 10
choose 1842 4005 12
choose 4005 4360 7
choose 4360 672 6
choose 672 2659 1
choose 2659 1549 7
choose 4360 2168 10
choose 2168 4815 5
choose 1214 2481 13
choose 2481 2890 13
choose 1549 3659 13
choose 2031 1282 14
choose 1282 2699 2
choose 148 1621 14
choose 1621 4559 9
choose 4559 4288 14
choose 4815 4974 14
choose 4974 1881 2
choose 4974 4729 9
choose 4729 384 3
choose 384 982 1
choose 982 4397 10
choose 4397 4881 4
choose 4881 1209 9
choose 1209 3885 11
choose 3885 3897 2
choose 384 2104 12
choose 4559 1722 15
choose 1722 4511 3
choose 4511 4678 2
choose 1722 4109 14
choose 4678 4489 14
choose 4109 323 15
choose 323 4777 6
choose 4777 2306 3
choose 323 3296 7
choose 323 4587 12
choose 4587 888 7
choose 888 4241 8
choose 4241 1087 9
choose 1087 1174 2
choose 4587 1535 10
choose 4241 1059 13
choose 934 3828 15
choose 3828 3218 1
choose 4737 3829 15
choose 3988 3893 15
choose 329 3924 15
choose 459 3954 15
choose 1706 4031 15
choose 4217 4069 15
choose 4069 3234 1
choose 4069 293 4
choose 3234 3407 9
choose 3407 2988 3
choose 2988 4450 4
choose 4450 2820 8
choose 293 1648 14
choose 1648 2826 10
choose 2826 3986 7
choose 3986 4940 2
choose 3986 2116 4
choose 2116 1866 4
choose 2116 4108 5
choose 2116 1483 8
choose 3883 4115 15
choose 4115 1941 7
choose 1941 455 3
choose 455 2895 3
choose 455 2773 9
choose 2773 4391 1
choose 4391 5000 6
choose 455 2919 10
choose 2773 1579 11
choose 1579 1280 2
choose 1579 250 13
choose 250 4257 8
choose 4257 2375 9
choose 250 4883 10
choose 4883 4163 8
choose 2375 2007 13
choose 2007 2916 6
choose 2916 441 5
choose 2916 797 14
choose 4883 2322 15
choose 2322 2584 13
choose 899 4210 15
choose 4210 63 2
choose 3126 4250 15
choose 4250 4358 7
choose 4358 3318 8
choose 4250 4763 12
choose 4763 2110 2
choose 4763 3451 12
choose 3643 4346 15
choose 3115 4361 15
choose 3299 4369 15
choose 4369 2979 15
choose 2979 4295 7
choose 4295 4690 8
choose 4690 2264 3
choose 2264 1723 6
choose 2264 1486 8
choose 1486 174 11
choose 174 1882 11
choose 1882 755 1
choose 755 3974 5
choose 4690 737 12
choose 737 4922 6
choose 1486 2061 14
choose 1723 3461 14
choose 3461 590 14
choose 590 1097 8
choose 1097 2708 8
choose 1097 1129 12
choose 1129 210 13
choose 4370 4417 15
choose 2168 4439 15
choose 4439 2385 8
choose 777 4497 15
choose 1385 4586 15
choose 862 4612 15
choose 4612 1185 15
choose 1185 4708 3
choose 1185 1920 12
choose 1185 4409 14
choose 3405 4643 15
choose 4643 3715 4
choose 2328 4676 15
choose 4676 1356 10
choose 1356 4392 7
choose 4392 742 9
choose 4676 1263 14
choose 1263 1175 14
choose 1263 2462 15
choose 2462 490 15
choose 3473 4771 15
choose 1329 4856 15
choose 3234 4966 15
choose 4966 622 12
choose 622 4944 5
choose 2336 17 16
choose 17 319 5
choose 319 4499 10
choose 17 90 11
choose 3930 42 16
choose 42 4191 5
choose 4191 1884 6
choose 42 1176 15
choose 3715 71 16
choose 71 207 13
choose 207 154 12
choose 89 160 16
choose 2659 161 16
choose 161 4555 14
choose 4555 3789 5
choose 4555 3135 13
choose 3135 515 2
choose 515 748 7
choose 748 3138 13
choose 2373 223 16
choose 223 872 4
choose 872 529 5
choose 872 2196 5
choose 2196 2100 7
choose 2100 1658 7
choose 223 950 9
choose 950 867 7
choose 2100 1094 12
choose 1094 1513 1
choose 1513 3429 9
choose 3429 688 5
choose 688 2677 11
choose 2677 2343 3
choose 2343 1113 2
choose 2343 1320 2
choose 2343 3651 4
choose 3651 1077 6
choose 1077 1845 4
choose 1845 2790 2
choose 1077 1154 6
choose 1154 4975 1
choose 1320 3717 6
choose 3717 4284 2
choose 3651 4362 6
choose 2790 4123 9
choose 2343 2533 10
choose 2533 59 10
choose 59 1183 5
choose 59 1516 11
choose 1516 1682 6
choose 1658 3245 12
choose 3245 3644 4
choose 3245 3724 6
choose 3245 2757 9
choose 3245 2882 10
choose 3245 4267 11
choose 2757 406 12
choose 406 1311 7
choose 2196 1286 13
choose 1658 2161 13
choose 2161 3710 8
choose 3245 387 14
choose 387 273 9
choose 273 3362 10
choose 1845 2115 14
choose 2115 94 8
choose 1286 4326 14
choose 4326 525 2
choose 2757 4956 14
choose 4956 3689 5
choose 3689 2631 3
choose 2631 650 2
choose 650 2579 3
choose 2579 1781 5
choose 2631 2532 9
choose 2579 3808 14
choose 387 1167 15
choose 1167 926 14
choose 950 3332 15
choose 3332 4496 7
choose 4123 4518 15
choose 333 353 16
choose 353 3916 3
choose 353 2939 12
choose 2066 365 16
choose 649 411 16
choose 306 608 16
choose 608 1225 4
choose 1225 4544 2
choose 1225 1977 5
choose 608 1526 12
choose 1225 944 15
choose 3996 617 16
choose 617 3413 1
choose 617 1217 3
choose 617 4997 4
choose 3413 4249 5
choose 617 578 6
choose 578 1470 13
choose 2266 681 16
choose 2793 783 16
choose 783 3563 10
choose 3563 4135 10
choose 4135 3229 2
choose 4135 2055 3
choose 3229 3321 4
choose 3321 3237 6
choose 3229 3933 6
choose 3229 1035 10
choose 3321 2510 11
choose 3237 313 14
choose 313 1876 6
choose 1876 2227 6
choose 2227 4861 14
choose 2579 1065 16
choose 3717 1079 16
choose 1079 4308 13
choose 4308 3004 8
choose 3004 399 12
choose 399 1023 13
choose 1023 4116 11
choose 3004 215 16
choose 3548 1102 16
choose 1102 1062 6
choose 1062 1607 6
choose 1102 1441 13
choose 1062 4740 13
choose 1607 3876 15
choose 4737 1395 16
choose 334 1451 16
choose 699 1457 16
choose 1457 3092 2
choose 3092 3040 4
choose 1457 1798 8
choose 1231 1464 16
choose 1464 1362 2
choose 1464 2439 6
choose 2439 2109 6
choose 2109 358 11
choose 2109 2851 14
choose 2851 2522 6
choose 144 1540 16
choose 159 1611 16
choose 1611 1463 3
choose 1463 1448 4
choose 1448 4680 4
choose 4680 401 8
choose 1448 710 8
choose 1463 1314 10
choose 1314 2914 4
choose 1611 4042 12
choose 1451 1707 16
choose 1707 3187 10
choose 3187 1559 10
choose 1559 511 4
choose 1559 283 7
choose 283 4649 2
choose 283 3927 6
choose 3927 4353 5
choose 4353 3022 1
choose 4649 4928 9
choose 4649 2643 13
choose 4340 1717 16
choose 1717 2215 2
choose 1717 3672 6
choose 3672 1039 8
choose 1039 4418 5
choose 1039 2975 7
choose 2975 3649 4
choose 4418 391 10
choose 391 2101 3
choose 2101 1945 3
choose 391 1072 13
choose 1072 497 11
choose 497 1449 1
choose 1449 2140 7
choose 3672 4004 14
choose 391 763 15
choose 2585 1783 16
choose 1757 1789 16
choose 2385 1832 16
choose 1358 1899 16
choose 1201 1913 16
choose 1913 3756 10
choose 2234 1963 16
choose 1963 816 4
choose 816 1862 1
choose 1963 1016 8
choose 1016 2217 5
choose 1862 48 10
choose 48 163 1
choose 1016 664 11
choose 1862 3759 12
choose 3759 1840 4
choose 3759 4531 10
choose 4531 2430 8
choose 2430 818 13
choose 818 3778 4
choose 818 2506 7
choose 2506 3806 9
choose 1840 2262 15
choose 2262 1318 3
choose 4497 2148 16
choose 2148 2233 13
choose 3379 2178 16
choose 2178 1068 9
choose 1068 1987 7
choose 1068 4119 12
choose 2178 3705 13
choose 4119 1433 16
choose 70 2254 16
choose 2254 3029 13
choose 3029 937 2
choose 2579 2260 16
choose 64 2314 16
choose 3306 2350 16
choose 2350 3625 4
choose 3625 259 5
choose 3625 729 15
choose 729 3727 2
choose 1080 2483 16
choose 3390 2681 16
choose 2681 2494 7
choose 2494 3165 10
choose 3165 3011 11
choose 1764 2682 16
choose 2682 2195 1
choose 2063 2749 16
choose 2749 4368 1
choose 274 2756 16
choose 2756 1317 11
choose 2756 3611 13
choose 3611 3137 6
choose 3137 1737 6
choose 1737 2530 6
choose 2961 2767 16
choose 4501 2843 16
choose 2843 803 10
choose 2825 2872 16
choose 2872 4945 6
choose 2872 4261 9
choose 4261 4853 3
choose 4853 2499 2
choose 2499 2460 4
choose 2460 4289 4
choose 4945 2964 14
choose 2964 4837 12
choose 2822 2900 16
choose 2512 2958 16
choose 384 3012 16
choose 4554 3147 16
choose 3147 3936 14
choose 3936 3271 8
choose 3332 3148 16
choose 3710 3248 16
choose 4501 3269 16
choose 4219 3742 16
choose 3742 3867 4
choose 2298 3780 16
choose 1877 3801 16
choose 3801 4473 11
choose 2294 3838 16
choose 3838 4561 12
choose 4561 2295 8
choose 2295 424 2
choose 424 3691 2
choose 424 2854 13
choose 1441 3845 16
choose 2314 3857 16
choose 1765 3896 16
choose 3346 3939 16
choose 3884 3949 16
choose 3949 928 10
choose 3949 1811 13
choose 1811 841 8
choose 1811 292 14
choose 292 203 9
choose 737 4023 16
choose 4023 3848 4
choose 4023 1391 6
choose 1391 390 1
choose 390 3795 5
choose 3795 4254 4
choose 390 3149 7
choose 1391 1507 10
choose 1507 4542 7
choose 3848 264 13
choose 264 564 7
choose 4602 4078 16
choose 4078 2257 6
choose 2257 1794 3
choose 4078 3879 12
choose 3879 504 15
choose 504 129 3
choose 504 1110 7
choose 129 2937 7
choose 129 3068 9
choose 3068 889 9
choose 889 727 6
choose 727 2138 6
choose 2138 4699 11
choose 4699 4251 10
choose 4251 4584 10
choose 4584 2205 6
choose 2205 3830 10
choose 1110 3242 13
choose 3242 2184 12
choose 2184 3952 3
choose 3242 1641 13
choose 1641 4226 9
choose 4226 4474 1
choose 1641 115 13
choose 115 3592 10
choose 2937 4236 14
choose 4236 2770 10
choose 2770 2230 12
choose 4078 1417 15
choose 4251 2536 15
choose 690 4110 16
choose 706 4269 16
choose 1252 4319 16
choose 779 4388 16
choose 3380 4430 16
choose 4430 3606 15
choose 3927 4623 16
choose 3068 4632 16
choose 4632 1677 9
choose 4632 4524 10
choose 4524 192 6
choose 192 1365 7
choose 1365 1594 7
choose 4524 3140 9
choose 3140 4118 6
choose 3140 1951 9
choose 1365 972 13
choose 972 1092 6
choose 972 4039 6
choose 4039 3941 9
choose 3941 320 2
choose 1092 255 16
choose 255 1458 9
choose 1458 1200 9
choose 4169 4742 16
choose 4742 1635 6
choose 1635 4915 3
choose 4915 4706 5
choose 4706 4401 7
choose 4401 1562 2
choose 4706 2546 8
choose 4915 1003 11
choose 1003 1506 9
choose 4401 817 12
choose 4915 204 15
choose 4401 1308 15
choose 1308 702 5
choose 702 3204 3
choose 702 2920 10
choose 2920 3888 3
choose 3888 857 2
choose 3888 1300 10
choose 857 3220 10
choose 3220 3361 8
choose 3361 2625 4
choose 3361 4394 5
choose 4394 2600 4
choose 857 2356 11
choose 3361 3542 12
choose 3542 4600 1
choose 3542 2976 3
choose 2976 419 5
choose 419 4024 7
choose 419 1262 12
choose 1262 1830 9
choose 1830 2270 2
choose 2920 311 13
choose 419 2605 13
choose 2920 781 14
choose 3361 4781 15
choose 4781 3476 10
choose 3476 4193 10
choose 702 350 16
choose 644 4779 16
choose 4779 3781 3
choose 4779 1849 12
choose 4397 4889 16
choose 203 4918 16
choose 4918 1925 1
choose 3428 4947 16
choose 4947 2346 7
choose 4947 4339 11
choose 4339 4727 6
choose 4727 876 3
choose 876 4605 2
choose 876 4007 9
choose 4339 1838 13
choose 1838 3558 3
choose 1838 69 4
choose 1838 3881 4
choose 69 4582 6
choose 1838 2121 12
choose 4947 2187 13
choose 1968 22 17
choose 216 99 17
choose 99 4009 15
choose 2894 122 17
choose 122 330 4
choose 330 2484 2
choose 2484 2656 8
choose 2997 146 17
choose 146 1922 3
choose 146 1237 12
choose 4348 189 17
choose 3510 211 17
choose 4250 266 17
choose 266 370 5
choose 370 4428 1
choose 266 2088 6
choose 2088 3978 1
choose 2088 4880 1
choose 370 287 11
choose 370 4633 11
choose 4633 2453 9
choose 4880 4840 16
choose 4840 1467 9
choose 1467 547 1
choose 4840 114 11
choose 114 19 9
choose 547 2751 11
choose 2751 2689 2
choose 114 1948 14
choose 1948 814 13
choose 814 2222 12
choose 1535 331 17
choose 2509 360 17
choose 360 4061 11
choose 3826 366 17
choose 366 4032 13
choose 4032 4286 4
choose 4286 1734 2
choose 1734 3495 2
choose 4286 1809 4
choose 1734 1215 6
choose 4032 2688 10
choose 1734 1744 11
choose 3495 1844 12
choose 4286 4202 12
choose 4202 3618 2
choose 4202 952 6
choose 4202 2938 6
choose 2938 913 10
choose 913 2706 8
choose 5000 410 17
choose 1486 413 17
choose 413 1807 6
choose 1807 3109 1
choose 1807 1909 7
choose 1807 4668 10
choose 413 1824 11
choose 1824 1421 1
choose 1421 1364 6
choose 1909 233 15
choose 1421 4483 16
choose 4483 2250 6
choose 4483 840 9
choose 840 2783 2
choose 2783 3120 6
choose 2783 4205 8
choose 2250 1340 9
choose 2250 3997 15
choose 3997 4107 7
choose 3997 4220 9
choose 3997 4665 9
choose 4665 3312 6
choose 902 442 17
choose 442 1847 11
choose 4398 484 17
choose 3099 559 17
choose 3659 627 17
choose 627 2006 3
choose 2006 697 2
choose 3795 642 17
choose 642 505 8
choose 505 2132 7
choose 505 1245 14
choose 1245 3396 3
choose 3396 3381 13
choose 505 1860 15
choose 1860 605 3
choose 605 3466 8
choose 3466 3276 2
choose 3466 1021 5
choose 3276 3378 7
choose 1021 3545 11
choose 3545 1140 2
choose 1646 692 17
choose 692 2653 3
choose 2653 531 5
choose 531 4317 2
choose 2653 1980 5
choose 1980 2568 2
choose 1980 2739 2
choose 2568 3084 3
choose 531 2705 9
choose 1877 712 17
choose 712 3017 12
choose 3017 4787 11
choose 2803 733 17
choose 733 2001 7
choose 733 2651 10
choose 1744 804 17
choose 804 1802 10
choose 1802 2657 14
choose 2835 887 17
choose 2921 927 17
choose 927 545 7
choose 545 1271 1
choose 1271 1076 2
choose 1076 46 12
choose 46 3900 6
choose 3900 800 3
choose 1438 959 17
choose 959 4167 3
choose 4167 1207 8
choose 1207 1173 13
choose 1173 696 15
choose 696 4824 11
choose 2743 964 17
choose 2762 984 17
choose 1126 1004 17
choose 1004 2232 4
choose 1004 4114 4
choose 4114 3420 5
choose 3420 1605 6
choose 3420 2823 15
choose 4114 4432 15
choose 4432 2457 6
choose 4432 4615 14
choose 4615 173 11
choose 173 2094 12
choose 4615 2892 12
choose 1087 1034 17
choose 3579 1124 17
choose 2325 1134 17
choose 1134 965 14
choose 965 1414 4
choose 4743 1151 17
choose 853 1269 17
choose 1239 1352 17
choose 1352 2581 9
choose 1352 2607 14
choose 2607 340 8
choose 1945 1468 17
choose 1468 1229 9
choose 1468 2406 9
choose 2406 2821 8
choose 2821 1997 4
choose 2406 3317 12
choose 3317 4299 8
choose 1468 1530 15
choose 3857 1591 17
choose 2398 1653 17
choose 2949 1672 17
choose 3269 1676 17
choose 1764 1785 17
choose 1785 2980 15
choose 4619 1821 17
choose 1821 1430 2
choose 1430 825 5
choose 1430 4281 7
choose 4281 4884 7
choose 4884 1835 9
choose 2261 1872 17
choose 2313 2023 17
choose 2023 4827 9
choose 2022 2139 17
choose 3641 2141 17
choose 2141 4327 12
choose 4327 2255 5
choose 2141 1861 17
choose 888 2242 17
choose 2242 2649 1
choose 2242 4611 13
choose 4611 830 15
choose 4909 2318 17
choose 1498 2349 17
choose 2349 3849 16
choose 252 2548 17
choose 2548 3616 7
choose 2548 2092 15
choose 2092 676 13
choose 676 2650 14
choose 2704 2559 17
choose 2559 2199 1
choose 2199 27 12
choose 27 2316 1
choose 3179 2628 17
choose 2628 3441 4
choose 3441 4416 7
choose 3441 4790 10
choose 4790 4247 14
choose 4247 3509 5
choose 2628 2945 15
choose 4284 2670 17
choose 2670 978 13
choose 2892 2747 17
choose 2747 3834 2
choose 2747 2570 10
choose 2920 2853 17
choose 2853 1335 12
choose 1335 4745 8
choose 1288 2861 17
choose 2861 1671 14
choose 1671 3557 4
choose 1671 4862 4
choose 3557 4037 11
choose 1671 291 12
choose 291 119 13
choose 4862 448 15
choose 1804 2873 17
choose 2873 4904 3
choose 2873 1454 4
choose 4018 2947 17
choose 2947 428 6
choose 4428 3015 17
choose 1125 3038 17
choose 3038 4467 12
choose 1417 3047 17
choose 3047 3031 2
choose 3047 3825 4
choose 3031 2675 5
choose 3825 914 7
choose 914 221 6
choose 3047 2468 10
choose 3047 2011 14
choose 2063 3090 17
choose 4250 3119 17
choose 3119 3858 2
choose 3858 4356 6
choose 4154 3122 17
choose 2024 3213 17
choose 3213 521 6
choose 3213 4873 7
choose 4873 2315 1
choose 3213 3594 10
choose 3594 2733 7
choose 521 312 11
choose 3834 3284 17
choose 3284 491 12
choose 2938 3356 17
choose 3356 1993 15
choose 3226 3403 17
choose 3403 4448 1
choose 3403 1574 3
choose 1574 4125 13
choose 4125 2029 8
choose 2029 3108 1
choose 3108 4173 5
choose 3108 2903 10
choose 3108 3253 10
choose 1151 3416 17
choose 3416 2018 13
choose 3416 2358 13
choose 2358 4749 6
choose 4749 3123 1
choose 2018 2043 16
choose 2043 83 3
choose 83 4978 1
choose 83 3417 7
choose 83 29 9
choose 4978 469 9
choose 4978 3370 13
choose 3370 4811 2
choose 4811 2700 4
choose 4811 4595 8
choose 2700 2828 12
choose 4595 2960 13
choose 4811 1766 17
choose 1766 4993 3
choose 4993 2263 4
choose 2263 39 2
choose 39 2190 11
choose 39 1545 16
choose 2018 2005 17
choose 984 3443 17
choose 3443 169 4
choose 3270 3454 17
choose 4726 3525 17
choose 1 3555 17
choose 3555 361 1
choose 361 1403 5
choose 1403 2814 9
choose 2814 2673 2
choose 491 3556 17
choose 3556 4648 2
choose 4648 3744 7
choose 4648 364 11
choose 902 3574 17
choose 4599 3591 17
choose 3675 3617 17
choose 4117 3690 17
choose 3690 4907 7
choose 4907 4812 4
choose 4812 4566 6
choose 4566 57 4
choose 4566 477 6
choose 57 961 7
choose 961 1292 6
choose 477 1518 13
choose 4907 4331 16
choose 4331 3921 4
choose 1487 3761 17
choose 3761 407 9
choose 952 3766 17
choose 3766 3541 16
choose 3541 1234 10
choose 1234 151 11
choose 151 3372 15
choose 3372 1593 9
choose 1234 1982 16
choose 1982 2265 17
choose 2265 4537 4
choose 433 3792 17
choose 3792 2376 3
choose 2376 3547 3
choose 2376 2946 8
choose 3792 187 11
choose 2376 1063 17
choose 1063 4991 14
choose 4991 3150 4
choose 3150 3945 4
choose 3945 117 4
choose 3150 3239 6
choose 3150 2127 10
choose 2127 4700 10
choose 4991 4998 10
choose 4031 3796 17
choose 3796 3207 8
choose 3207 1923 17
choose 4123 3817 17
choose 3817 1690 15
choose 1855 3962 17
choose 3962 2663 1
choose 2437 4006 17
choose 3454 4016 17
choose 4016 4153 12
choose 4153 3199 14
choose 4280 4063 17
choose 4063 4160 4
choose 1304 4070 17
choose 3805 4134 17
choose 3110 4143 17
choose 3785 4170 17
choose 4170 2875 8
choose 4170 4772 11
choose 4772 4871 2
choose 4772 794 12
choose 4871 1258 17
choose 2109 4190 17
choose 432 4203 17
choose 4203 2429 4
choose 2429 510 12
choose 2211 4224 17
choose 4224 639 15
choose 639 3240 4
choose 639 2078 7
choose 3240 4942 11
choose 4010 4323 17
choose 4323 631 7
choose 722 4410 17
choose 1690 4426 17
choose 4426 2857 2
choose 2857 4181 13
choose 579 4451 17
choose 1352 4540 17
choose 4540 4691 4
choose 295 4631 17
choose 472 4733 17
choose 4733 4617 10
choose 4617 348 8
choose 26 4750 17
choose 4750 1836 13
choose 1836 2226 2
choose 406 4789 17
choose 4789 1246 6
choose 4789 3779 11
choose 3779 2604 8
choose 2648 4822 17
choose 4822 893 12
choose 893 2123 14
choose 2123 883 14
choose 2408 4868 17
choose 3780 4952 17
choose 3814 38 18
choose 409 123 18
choose 3936 219 18
choose 3724 355 18
choose 355 4081 12
choose 4081 1818 4
choose 1818 1891 8
choose 1430 389 18
choose 389 4133 8
choose 3385 443 18
choose 443 693 3
choose 693 88 1
choose 88 2003 15
choose 2003 1462 11
choose 1462 2111 13
choose 2111 1859 10
choose 1859 854 7
choose 854 1344 3
choose 1873 528 18
choose 528 3 3
choose 528 1712 10
choose 1847 609 18
choose 609 4977 16
choose 4977 4068 5
choose 4977 440 11
choose 4068 3991 14
choose 3991 4244 5
choose 4244 4260 6
choose 3991 2859 7
choose 3991 1550 11
choose 1550 4022 11
choose 2859 3131 14
choose 3131 4292 5
choose 4292 395 3
choose 4292 135 6
choose 3131 4314 7
choose 3131 861 9
choose 4292 977 9
choose 3131 666 14
choose 666 2694 13
choose 395 2392 14
choose 135 3367 15
choose 3482 645 18
choose 645 4885 5
choose 4885 4085 2
choose 4085 3254 10
choose 4885 2529 14
choose 4359 704 18
choose 704 3197 11
choose 3197 4427 12
choose 401 747 18
choose 747 3265 6
choose 747 78 7
choose 747 3071 10
choose 401 767 18
choose 767 2990 14
choose 2990 2633 4
choose 2633 2059 4
choose 2990 4799 8
choose 4799 4504 7
choose 2633 362 16
choose 362 352 10
choose 767 2459 17
choose 2990 2544 17
choose 2544 2974 15
choose 2974 4199 3
choose 4199 3073 10
choose 2974 565 12
choose 4199 1624 14
choose 1624 1929 11
choose 1624 2669 13
choose 2669 2695 4
choose 2695 3860 5
choose 3860 4067 7
choose 4067 1423 8
choose 1423 2864 5
choose 2669 2516 10
choose 2516 1119 2
choose 2516 4834 11
choose 1929 1493 17
choose 3073 206 18
choose 206 4767 9
choose 3753 873 18
choose 4086 896 18
choose 896 903 5
choose 896 414 7
choose 903 3331 8
choose 903 53 12
choose 53 3947 5
choose 414 4013 12
choose 3947 303 13
choose 303 2836 8
choose 2836 2296 3
choose 2296 2586 2
choose 2296 2290 15
choose 2290 3812 12
choose 303 2502 15
choose 2502 111 3
choose 111 2220 14
choose 2220 3987 10
choose 3987 4282 5
choose 2296 3309 16
choose 2836 718 18
choose 3011 916 18
choose 916 1450 11
choose 4724 974 18
choose 974 4313 4
choose 4313 3483 3
choose 974 720 8
choose 4313 1099 11
choose 1099 3419 8
choose 3419 496 4
choose 496 4485 1
choose 496 1875 3
choose 3419 1524 8
choose 974 110 14
choose 720 4177 14
choose 4177 1202 2
choose 1202 3551 2
choose 1524 787 16
choose 1875 3132 16
choose 3044 1105 18
choose 1105 4165 7
choose 4165 1954 1
choose 1105 3603 9
choose 3603 1912 11
choose 1912 262 8
choose 262 3005 3
choose 262 1713 5
choose 1713 2588 4
choose 262 1756 11
choose 4165 3537 11
choose 1105 785 13
choose 4165 1147 15
choose 1147 3297 6
choose 1713 3298 15
choose 1941 1111 18
choose 1111 1090 6
choose 1090 2621 14
choose 2621 848 4
choose 1111 3658 14
choose 1656 1138 18
choose 1138 2540 8
choose 1138 2478 15
choose 4838 1186 18
choose 1186 3746 5
choose 3248 1249 18
choose 1249 167 9
choose 1249 101 13
choose 167 1408 13
choose 1408 1558 13
choose 1558 4294 3
choose 1558 1829 9
choose 1829 2701 8
choose 2701 3572 6
choose 3572 212 4
choose 2701 1108 13
choose 1108 3219 10
choose 3219 3274 1
choose 3274 1479 5
choose 3274 199 10
choose 199 1640 4
choose 1640 4020 8
choose 1479 2224 12
choose 1408 4212 14
choose 199 3765 15
choose 1408 1902 16
choose 1902 3304 14
choose 212 3856 17
choose 522 1279 18
choose 3547 1297 18
choose 1680 1393 18
choose 1393 466 10
choose 466 2107 8
choose 2087 1588 18
choose 3237 1666 18
choose 1579 1735 18
choose 1735 398 15
choose 1174 1820 18
choose 1820 4482 16
choose 4482 869 7
choose 4482 4240 16
choose 4240 3581 9
choose 1820 84 17
choose 1909 1831 18
choose 1831 3926 5
choose 1831 598 12
choose 598 2731 9
choose 1831 2394 12
choose 2394 3731 11
choose 2394 1933 12
choose 2394 2693 13
choose 3168 1868 18
choose 1873 1928 18
choose 2751 1937 18
choose 1937 429 12
choose 1937 1064 14
choose 1064 3193 12
choose 2579 1981 18
choose 3541 1992 18
choose 1992 595 8
choose 595 3410 2
choose 3410 3904 10
choose 3904 3583 5
choose 3583 2711 8
choose 4358 2103 18
choose 2825 2128 18
choose 469 2133 18
choose 133 2194 18
choose 2194 483 1
choose 4755 2281 18
choose 2281 3623 6
choose 2281 3238 16
choose 3238 2283 1
choose 3843 2302 18
choose 2302 3228 16
choose 3228 2966 16
choose 2765 2409 18
choose 2409 575 14
choose 575 1222 10
choose 1222 4937 2
choose 575 3937 13
choose 4937 103 14
choose 103 4785 5
choose 103 3485 12
choose 3485 3835 4
choose 965 2456 18
choose 2456 1685 8
choose 2456 4350 10
choose 4350 3023 1
choose 3023 351 7
choose 351 4571 4
choose 3023 1702 11
choose 1702 3101 1
choose 3101 2542 6
choose 1685 1819 14
choose 1819 662 3
choose 1819 1155 6
choose 662 1401 8
choose 1155 3243 13
choose 3243 1041 13
choose 1041 4717 4
choose 4571 1906 15
choose 4571 318 18
choose 1819 791 18
choose 791 3275 2
choose 83 2534 18
choose 3825 2593 18
choose 2593 2491 18
choose 2491 3426 11
choose 2491 4056 12
choose 4056 1044 16
choose 1044 2989 10
choose 2989 4400 4
choose 4400 1386 9
choose 4400 2181 10
choose 1047 2638 18
choose 3956 2678 18
choose 2678 296 13
choose 4056 2703 18
choose 3489 2781 18
choose 2781 1692 10
choose 3879 2788 18
choose 2788 1132 17
choose 1132 2598 2
choose 2598 806 7
choose 2494 2865 18
choose 2865 4414 2
choose 1466 2911 18
choose 2911 4262 9
choose 2911 1328 18
choose 4772 2998 18
choose 2998 3508 13
choose 3508 2717 4
choose 3508 1805 7
choose 3508 2442 14
choose 3508 919 18
choose 3617 3003 18
choose 3003 1544 1
choose 3003 1703 9
choose 3608 3106 18
choose 1563 3151 18
choose 3151 1572 2
choose 1512 3153 18
choose 1409 3181 18
choose 3181 2077 3
choose 2077 4701 15
choose 1252 3224 18
choose 3594 3293 18
choose 3293 2602 4
choose 3293 25 8
choose 1811 3349 18
choose 2438 3384 18
choose 2732 3393 18
choose 3393 653 10
choose 653 1453 2
choose 1453 3514 9
choose 3514 179 4
choose 179 1482 8
choose 1482 1158 2
choose 1158 3612 10
choose 3514 3842 10
choose 3612 4703 15
choose 1836 3472 18
choose 4918 3484 18
choose 3484 2712 5
choose 1766 3589 18
choose 918 3657 18
choose 3657 1428 12
choose 414 3687 18
choose 3687 1779 7
choose 2318 3707 18
choose 3707 3531 5
choose 3531 3103 2
choose 2353 3777 18
choose 3777 2017 2
choose 3777 3886 16
choose 4219 3831 18
choose 3904 3847 18
choose 3847 4330 11
choose 1798 3890 18
choose 701 3901 18
choose 2379 3983 18
choose 2655 3990 18
choose 3990 1117 1
choose 837 4014 18
choose 1041 4019 18
choose 2201 4025 18
choose 4025 1620 18
choose 1620 2418 2
choose 1529 4113 18
choose 4113 3711 13
choose 3711 1792 10
choose 4392 4121 18
choose 3994 4147 18
choose 4147 226 7
choose 226 4411 12
choose 4411 4137 4
choose 4137 2052 1
choose 4137 2591 9
choose 2052 3411 9
choose 2052 2044 10
choose 2044 4797 2
choose 4797 4239 8
choose 4239 623 4
choose 226 461 14
choose 461 549 1
choose 461 1743 9
choose 2044 4546 14
choose 42 4227 18
choose 4227 3117 3
choose 4227 4577 7
choose 3117 2189 11
choose 4577 3932 12
choose 3932 1817 1
choose 1817 4264 2
choose 1817 4046 3
choose 3932 4692 5
choose 3932 1515 7
choose 4264 4179 11
choose 4577 4567 12
choose 4567 4898 15
choose 4898 2786 3
choose 1798 4233 18
choose 4233 1602 9
choose 1602 2479 9
choose 4233 2504 12
choose 3270 4258 18
choose 4991 4332 18
choose 4887 4334 18
choose 3893 4337 18
choose 3903 4351 18
choose 4331 4378 18
choose 4378 4971 13
choose 4378 4694 15
choose 966 4422 18
choose 4070 4466 18
choose 4466 4707 8
choose 3997 4589 18
choose 4772 4858 18
choose 4858 932 3
choose 4858 1514 13
choose 2284 4870 18
choose 4870 1647 7
choose 4552 4939 18
choose 4939 2742 9
choose 2742 3060 8
choose 4939 3143 13
choose 3143 2219 5
choose 2219 2965 7
choose 3143 2287 12
choose 4939 1812 15
choose 1812 863 14
choose 863 2942 4
choose 2219 1695 17
choose 1695 921 2
choose 4939 1952 18
choose 3531 34 19
choose 627 65 19
choose 1787 195 19
choose 1734 240 19
choose 22 270 19
choose 270 4565 4
choose 3127 347 19
choose 347 3457 7
choose 347 3910 15
choose 3910 3054 9
choose 3910 176 16
choose 176 28 9
choose 233 386 19
choose 386 1750 1
choose 386 4549 1
choose 1750 3524 12
choose 4549 743 14
choose 743 2444 6
choose 743 454 8
choose 454 2159 8
choose 4392 449 19
choose 3349 524 19
choose 524 2887 13
choose 1498 691 19
choose 3410 826 19
choose 193 871 19
choose 871 1745 6
choose 1745 3719 13
choose 871 2466 18
choose 2466 1227 9
choose 2466 4647 15
choose 1837 874 19
choose 874 2422 8
choose 1540 986 19
choose 4349 996 19
choose 505 1000 19
choose 1000 4670 11
choose 1000 2744 16
choose 2744 4830 3
choose 4830 4201 11
choose 4201 4629 4
choose 1000 2193 17
choose 2193 1103 10
choose 1103 2905 2
choose 4267 1017 19
choose 3289 1036 19
choose 150 1085 19
choose 3937 1162 19
choose 2673 1238 19
choose 362 1240 19
choose 1240 2813 7
choose 2164 1244 19
choose 1244 168 6
choose 66 1333 19
choose 1333 1163 8
choose 1163 3693 15
choose 3693 2904 11
choose 2904 2054 7
choose 2054 4972 4
choose 3693 244 12
choose 1163 30 16
choose 244 81 16
choose 81 2435 3
choose 2435 4704 2
choose 4704 382 12
choose 382 91 2
choose 91 4723 7
choose 2904 3882 18
choose 3882 838 14
choose 3913 1366 19
choose 1366 599 19
choose 599 1895 1
choose 1895 2850 4
choose 1895 573 5
choose 573 2680 10
choose 1895 516 14
choose 516 998 14
choose 516 1976 15
choose 1976 4146 17
choose 4146 3471 4
choose 3471 1554 13
choose 1554 2844 2
choose 3471 2866 15
choose 2844 2068 18
choose 1976 4930 18
choose 4726 1382 19
choose 1466 1396 19
choose 2952 1714 19
choose 3763 1983 19
choose 1983 1301 12
choose 1301 680 10
choose 1301 1500 17
choose 2866 2035 19
choose 2188 2047 19
choose 4692 2277 19
choose 4400 2304 19
choose 2304 1019 2
choose 2304 1688 15
choose 2304 2173 19
choose 2173 356 14
choose 2976 2351 19
choose 4971 2361 19
choose 4489 2364 19
choose 2139 2423 19
choose 2423 1005 11
choose 2343 2486 19
choose 2486 988 9
choose 988 2403 5
choose 2403 4001 17
choose 4001 3018 7
choose 4001 4457 8
choose 3018 570 13
choose 4457 1465 13
choose 4457 3133 14
choose 3133 4221 12
choose 4221 943 1
choose 4221 474 8
choose 4221 4027 16
choose 4027 2955 13
choose 2955 3345 8
choose 3345 2084 6
choose 2084 2223 4
choose 2084 1343 12
choose 3018 4049 16
choose 4049 2718 5
choose 2718 971 4
choose 2084 990 18
choose 570 3388 18
choose 3825 2554 19
choose 2230 2723 19
choose 2723 3246 5
choose 3246 2235 19
choose 2235 534 15
choose 534 3747 9
choose 3280 2771 19
choose 924 2791 19
choose 2791 3697 17
choose 1676 2795 19
choose 1766 2812 19
choose 3771 2819 19
choose 1439 2830 19
choose 2830 2243 15
choose 1421 2891 19
choose 3465 2936 19
choose 2936 2411 9
choose 2411 3194 1
choose 3194 4481 2
choose 3558 3013 19
choose 1391 3032 19
choose 2358 3046 19
choose 922 3067 19
choose 3067 1534 15
choose 754 3074 19
choose 3074 1918 16
choose 3133 3294 19
choose 3311 3371 19
choose 2287 3474 19
choose 81 3546 19
choose 4147 3560 19
choose 844 3564 19
choose 3948 3614 19
choose 3614 4999 13
choose 3407 3615 19
choose 3615 2239 11
choose 3547 3655 19
choose 3655 4730 3
choose 1968 3681 19
choose 805 3686 19
choose 729 3708 19
choose 4286 3740 19
choose 3740 2520 3
choose 3740 4396 5
choose 4617 3783 19
choose 3783 1100 19
choose 340 3822 19
choose 1664 3875 19
choose 3875 2906 1
choose 3875 392 3
choose 2906 1917 11
choose 1917 1660 9
choose 392 2782 19
choose 2557 3902 19
choose 1117 4026 19
choose 4026 1098 1
choose 1098 4712 7
choose 1098 4291 13
choose 4291 4128 10
choose 4128 3048 17
choose 4335 4048 19
choose 4048 3347 7
choose 3347 1052 7
choose 3347 3488 17
choose 3372 4127 19
choose 3088 4130 19
choose 2227 4131 19
choose 3608 4155 19
choose 1948 4301 19
choose 4301 3161 5
choose 3161 4393 7
choose 4839 4364 19
choose 4364 4686 6
choose 4364 3102 9
choose 3102 3498 3
choose 1853 4419 19
choose 1318 4441 19
choose 2107 4468 19
choose 4468 2667 13
choose 3419 4510 19
choose 4839 4570 19
choose 712 4609 19
choose 1577 4669 19
choose 4669 1253 13
choose 1253 2752 10
choose 2706 4674 19
choose 2756 4702 19
choose 2486 4732 19
choose 4616 4866 19
choose 3939 4892 19
choose 2377 4957 19
choose 4957 2051 4
choose 2051 1751 1
choose 2051 4943 14
choose 4943 4774 13
choose 4774 3227 1
choose 2881 37 20
choose 37 302 12
choose 37 3634 16
choose 3634 4304 11
choose 4304 2802 11
choose 2802 4516 17
choose 4516 2982 12
choose 4545 172 20
choose 3733 217 20
choose 217 4491 11
choose 217 383 15
choose 4260 224 20
choose 3097 381 20
choose 381 2863 7
choose 3256 426 20
choose 426 400 5
choose 230 445 20
choose 445 1351 4
choose 4002 487 20
choose 343 556 20
choose 738 616 20
choose 1274 641 20
choose 641 1397 5
choose 641 1257 18
choose 3824 656 20
choose 1086 665 20
choose 665 1961 15
choose 1961 4149 17
choose 4149 2008 14
choose 2008 4052 5
choose 2116 679 20
choose 679 1001 11
choose 1001 1608 2
choose 1001 2396 3
choose 2396 2898 7
choose 1608 2252 11
choose 2252 4970 1
choose 4970 3395 5
choose 3395 1305 8
choose 4970 3058 8
choose 4970 254 10
choose 254 3919 3
choose 3919 175 7
choose 1001 667 12
choose 667 740 7
choose 667 2039 9
choose 740 4634 10
choose 667 196 16
choose 196 2370 8
choose 175 2339 16
choose 1300 732 20
choose 732 109 20
choose 109 2870 9
choose 109 2526 11
choose 922 786 20
choose 2941 994 20
choose 3751 1093 20
choose 1093 1398 4
choose 1093 2192 9
choose 2196 1142 20
choose 1142 907 11
choose 907 619 16
choose 3913 1168 20
choose 841 1360 20
choose 1633 1389 20
choose 1389 229 8
choose 229 4495 7
choose 3101 1400 20
choose 1400 2099 1
choose 4582 1440 20
choose 1440 416 1
choose 1440 2934 3
choose 2934 4141 4
choose 2934 2015 6
choose 4800 1561 20
choose 1687 1678 20
choose 4605 1708 20
choose 1708 3661 19
choose 3661 1769 14
choose 1769 1560 1
choose 1560 1889 6
choose 1769 1383 11
choose 1383 739 5
choose 1560 3045 13
choose 2681 1724 20
choose 1724 2837 11
choose 96 1768 20
choose 1768 1380 10
choose 1812 1788 20
choose 1788 4821 9
choose 1788 1940 17
choose 3991 1834 20
choose 3954 1879 20
choose 1820 1911 20
choose 1911 1031 8
choose 1031 3854 8
choose 1911 3549 17
choose 133 1990 20
choose 1990 3180 14
choose 1990 4371 15
choose 1128 2019 20
choose 1906 2329 20
choose 225 2363 20
choose 2363 3481 7
choose 3481 2401 16
choose 2844 2563 20
choose 4516 2619 20
choose 2619 182 16
choose 4196 2635 20
choose 2635 2175 5
choose 2175 417 9
choose 2175 4667 17
choose 4667 4610 1
choose 2744 2737 20
choose 2060 2899 20
choose 1113 2918 20
choose 2918 2338 13
choose 2338 4306 18
choose 2019 2933 20
choose 1677 2954 20
choose 2567 2991 20
choose 2326 3007 20
choose 3007 629 10
choose 3007 2764 16
choose 4700 3019 20
choose 4009 3091 20
choose 3091 3750 5
choose 4473 3112 20
choose 987 3158 20
choose 3418 3189 20
choose 565 3268 20
choose 4400 3327 20
choose 4870 3353 20
choose 3353 52 2
choose 3353 4471 10
choose 52 634 12
choose 3353 317 20
choose 317 2299 11
choose 2111 3435 20
choose 3435 213 7
choose 213 2389 16
choose 2389 2413 6
choose 213 4342 17
choose 1783 3452 20
choose 1516 3570 20
choose 2008 3586 20
choose 3586 1871 8
choose 3586 2065 13
choose 2065 3000 18
choose 3000 1480 1
choose 1480 3163 16
choose 3163 2089 2
choose 3163 4445 17
choose 3163 4738 18
choose 4738 4122 4
choose 4738 2910 5
choose 4738 1828 9
choose 4122 4498 14
choose 4498 843 5
choose 4498 1475 14
choose 1240 3587 20
choose 3220 3662 20
choose 3662 1193 19
choose 1193 905 4
choose 1096 3667 20
choose 1607 3682 20
choose 23 3769 20
choose 3769 3339 3
choose 3829 3798 20
choose 941 3918 20
choose 2235 4073 20
choose 443 4268 20
choose 1621 4278 20
choose 505 4325 20
choose 4325 2817 4
choose 3708 4375 20
choose 4375 552 14
choose 552 1289 17
choose 552 2599 17
choose 4471 4381 20
choose 4381 3554 14
choose 3554 3368 16
choose 3368 3862 10
choose 3862 929 16
choose 929 845 11
choose 845 36 9
choose 1567 4385 20
choose 4385 931 11
choose 931 118 2
choose 931 2040 3
choose 931 1689 12
choose 1689 717 13
choose 717 2827 12
choose 931 2839 13
choose 1689 73 19
choose 1984 4405 20
choose 4405 682 4
choose 4405 1874 15
choose 682 3376 19
choose 3376 3784 6
choose 3376 2098 15
choose 4130 4469 20
choose 4469 4958 9
choose 2011 4494 20
choose 1603 4519 20
choose 4519 1349 12
choose 1349 1583 2
choose 4499 4590 20
choose 4590 463 10
choose 1620 4718 20
choose 2512 4801 20
choose 1117 4831 20
choose 1559 4848 20
choose 4787 4849 20
choose 4418 4882 20
choose 4882 4988 2
choose 4882 1368 12
choose 4988 2469 18
choose 2469 185 4
choose 262 4890 20
choose 3535 4899 20
choose 3386 4935 20
choose 4935 768 20
choose 3789 4990 20
choose 457 4 21
choose 4 544 11
choose 3869 62 21
choose 62 762 9
choose 62 402 19
choose 4773 321 21
choose 321 500 4
choose 1237 354 21
choose 2190 359 21
choose 359 1746 12
choose 1746 663 1
choose 1746 3337 5
choose 3959 713 21
choose 1559 714 21
choose 814 746 21
choose 2555 751 21
choose 4439 764 21
choose 2235 828 21
choose 700 835 21
choose 835 4835 1
choose 835 4403 11
choose 1368 860 21
choose 1186 947 21
choose 1045 955 21
choose 955 1679 2
choose 1679 4273 17
choose 4273 678 1
choose 678 1691 3
choose 678 3351 17
choose 1679 16 18
choose 4823 963 21
choose 963 346 14
choose 830 980 21
choose 4636 995 21
choose 995 3998 5
choose 3998 1285 5
choose 210 1133 21
choose 1901 1149 21
choose 1788 1157 21
choose 1157 4994 5
choose 4994 2275 6
choose 4994 2672 14
choose 2672 245 10
choose 1157 3588 16
choose 2672 530 21
choose 1187 1159 21
choose 359 1198 21
choose 1188 1241 21
choose 786 1477 21
choose 3928 1485 21
choose 420 1505 21
choose 2720 1573 21
choose 36 1618 21
choose 533 1669 21
choose 1669 4877 13
choose 4877 3365 12
choose 3365 1956 2
choose 1669 908 14
choose 908 2399 3
choose 2399 3059 13
choose 3059 3176 12
choose 1669 2758 20
choose 908 3906 20
choose 3906 4522 18
choose 745 1780 21
choose 2639 1799 21
choose 1799 2112 16
choose 1799 3021 16
choose 929 1863 21
choose 3869 1986 21
choose 1155 1999 21
choose 3194 2009 21
choose 2009 2515 7
choose 2515 3629 1
choose 3629 2518 1
choose 2518 2327 5
choose 2327 181 14
choose 2009 3313 15
choose 2518 2362 19
choose 20 2058 21
choose 2058 3206 5
choose 1487 2137 21
choose 202 2330 21
choose 2330 3642 9
choose 500 2354 21
choose 3372 2374 21
choose 2374 1199 12
choose 3712 2436 21
choose 2436 1705 9
choose 2043 2446 21
choose 2446 4486 19
choose 442 2490 21
choose 2353 2507 21
choose 2795 2539 21
choose 2539 3079 10
choose 3079 3907 12
choose 2262 2543 21
choose 2543 1010 17
choose 1482 2587 21
choose 1838 2590 21
choose 3407 2661 21
choose 1413 2785 21
choose 2785 2010 21
choose 3136 2841 21
choose 2841 1642 4
choose 176 2862 21
choose 2862 882 13
choose 2862 2312 19
choose 4091 2971 21
choose 2971 434 14
choose 434 2464 14
choose 1335 2999 21
choose 394 3014 21
choose 3615 3070 21
choose 4056 3146 21
choose 1748 3216 21
choose 4159 3282 21
choose 2252 3286 21
choose 3286 4222 17
choose 1340 3295 21
choose 3295 498 12
choose 653 3387 21
choose 3387 3278 14
choose 3278 3328 21
choose 3076 3439 21
choose 461 3460 21
choose 1269 3468 21
choose 1180 3491 21
choose 3491 4659 17
choose 4659 164 1
choose 164 3519 1
choose 3519 4218 4
choose 164 4817 7
choose 4218 2208 12
choose 4218 247 17
choose 4807 3559 21
choose 1883 3593 21
choose 3593 4387 7
choose 3593 3874 11
choose 3874 3523 16
choose 4387 904 20
choose 2850 3604 21
choose 3604 3610 8
choose 1457 3666 21
choose 3666 4852 10
choose 4852 1782 17
choose 1690 3726 21
choose 3726 509 16
choose 509 2093 3
choose 3889 3732 21
choose 3732 4207 19
choose 4207 1361 12
choose 4281 3803 21
choose 3803 315 4
choose 315 1359 8
choose 1359 1625 20
choose 1625 3938 1
choose 3938 300 3
choose 1625 4034 7
choose 114 3865 21
choose 1063 3968 21
choose 3351 4043 21
choose 4043 4913 2
choose 3756 4098 21
choose 3684 4158 21
choose 2378 4283 21
choose 4283 3776 15
choose 2988 4290 21
choose 3750 4372 21
choose 4372 3363 6
choose 3363 345 6
choose 3363 4741 11
choose 4741 3958 10
choose 3958 606 12
choose 606 2038 5
choose 345 1665 19
choose 4883 4374 21
choose 1512 4404 21
choose 3209 4573 21
choose 4729 4591 21
choose 392 4613 21
choose 2284 4661 21
choose 59 4675 21
choose 641 4684 21
choose 675 4829 21
choose 1537 4912 21
choose 4912 993 2
choose 727 4916 21
choose 3627 4938 21
choose 4942 4984 21
choose 3831 7 22
choose 7 3450 17
choose 3450 4270 16
choose 4270 3314 12
choose 3471 76 22
choose 76 3976 3
choose 3565 272 22
choose 4878 275 22
choose 275 910 5
choose 275 3762 13
choose 2499 307 22
choose 307 2893 2
choose 2893 33 1
choose 307 715 16
choose 715 4189 18
choose 307 3694 21
choose 3694 3292 16
choose 3694 3291 17
choose 3291 684 10
choose 3694 1137 19
choose 1137 4054 4
choose 4054 831 7
choose 831 4989 16
choose 4989 4685 8
choose 2309 368 22
choose 368 864 2
choose 3468 396 22
choose 1199 397 22
choose 397 602 1
choose 397 2320 19
choose 397 3302 19
choose 3302 3389 2
choose 3302 4512 16
choose 4512 1546 3
choose 1546 3695 5
choose 3695 1250 6
choose 1546 2560 9
choose 2560 1116 10
choose 1250 1931 20
choose 3436 403 22
choose 403 1719 5
choose 1719 1740 5
choose 1740 3397 2
choose 1719 2702 5
choose 403 3677 7
choose 3397 1445 9
choose 1175 423 22
choose 423 2426 16
choose 2844 458 22
choose 458 2574 18
choose 2574 2575 18
choose 458 735 21
choose 4010 537 22
choose 1870 572 22
choose 572 2037 21
choose 4087 603 22
choose 4421 611 22
choose 611 4592 7
choose 691 632 22
choose 4717 636 22
choose 3674 802 22
choose 802 1181 15
choose 1181 1726 14
choose 802 4079 17
choose 4079 4367 3
choose 4559 846 22
choose 3838 858 22
choose 3136 912 22
choose 898 930 22
choose 930 3335 16
choose 544 1014 22
choose 1014 3700 12
choose 4276 1055 22
choose 1055 3400 18
choose 3400 4819 6
choose 3400 418 9
choose 418 512 11
choose 1167 1145 22
choose 3557 1220 22
choose 1620 1226 22
choose 3276 1251 22
choose 4750 1266 22
choose 1553 1283 22
choose 992 1293 22
choose 1293 4758 3
choose 1293 4460 10
choose 4460 2753 8
choose 167 1327 22
choose 1327 1033 8
choose 1033 4336 6
choose 2854 1521 22
choose 1521 1216 6
choose 1539 1595 22
choose 2096 1638 22
choose 2772 1760 22
choose 1760 1730 12
choose 245 1864 22
choose 2998 1890 22
choose 3363 2032 22
choose 2032 3056 1
choose 3056 2716 8
choose 2716 2552 9
choose 4679 2073 22
choose 2073 3215 7
choose 1805 2105 22
choose 2105 3223 20
choose 3223 1281 5
choose 3911 2130 22
choose 2130 3973 17
choose 3044 2154 22
choose 2154 4711 7
choose 4711 1623 3
choose 4819 2278 22
choose 2278 4168 19
choose 4415 2319 22
choose 1741 2412 22
choose 4362 2489 22
choose 4403 2595 22
choose 1964 2596 22
choose 2596 134 13
choose 134 4714 1
choose 134 2493 19
choose 3438 2642 22
choose 2050 2734 22
choose 2734 285 19
choose 1501 2780 22
choose 2780 480 3
choose 2780 3409 8
choose 2780 2053 19
choose 2053 3325 18
choose 3583 2797 22
choose 2005 2806 22
choose 575 2818 22
choose 2818 4788 21
choose 4682 2833 22
choose 2833 782 16
choose 2242 2855 22
choose 3237 2871 22
choose 2871 532 3
choose 418 2897 22
choose 1429 3049 22
choose 1168 3083 22
choose 4423 3111 22
choose 4549 3255 22
choose 2182 3261 22
choose 1252 3283 22
choose 527 3315 22
choose 1470 3354 22
choose 3256 3422 22
choose 3422 3402 14
choose 3402 3868 9
choose 3402 2202 17
choose 1768 3431 22
choose 3431 4211 2
choose 4211 1681 11
choose 4211 218 20
choose 950 3536 22
choose 2819 3576 22
choose 3576 3501 8
choose 3576 1156 11
choose 160 3599 22
choose 3599 4184 15
choose 3599 142 21
choose 142 4894 19
choose 4510 3602 22
choose 2862 3685 22
choose 2585 3741 22
choose 4540 3804 22
choose 3804 95 2
choose 1292 3922 22
choose 163 3925 22
choose 3925 2644 6
choose 4830 4120 22
choose 2761 4213 22
choose 4507 4248 22
choose 1429 4252 22
choose 4252 4171 12
choose 3844 4532 22
choose 4907 4569 22
choose 4569 1319 17
choose 3402 4627 22
choose 2672 4664 22
choose 4397 4728 22
choose 1617 4775 22
choose 1181 4832 22
choose 4832 4762 8
choose 2901 4876 22
choose 4949 4893 22
choose 3083 4931 22
choose 4931 4095 16
choose 4095 753 10
choose 4095 2347 18
choose 4095 3807 18
choose 2893 4985 22
choose 3137 13 23
choose 4322 18 23
choose 474 54 23
choose 4236 105 23
choose 1004 251 23
choose 251 3892 3
choose 3522 280 23
choose 1665 492 23
choose 492 555 4
choose 492 1967 20
choose 1967 1592 10
choose 615 495 23
choose 3965 540 23
choose 540 866 1
choose 540 1447 15
choose 1447 1601 3
choose 1601 2710 11
choose 2710 108 6
choose 2710 4105 15
choose 4105 4770 9
choose 4105 294 10
choose 294 2996 3
choose 294 2556 8
choose 108 2715 20
choose 2715 1171 12
choose 2996 1803 21
choose 1803 470 14
choose 470 248 9
choose 4770 1736 22
choose 540 2665 22
choose 3929 589 23
choose 218 621 23
choose 621 1654 4
choose 930 637 23
choose 2294 669 23
choose 669 2956 2
choose 1441 711 23
choose 2865 744 23
choose 744 481 2
choose 744 116 8
choose 481 3840 10
choose 4278 766 23
choose 766 3307 1
choose 1897 807 23
choose 807 4598 5
choose 2520 822 23
choose 2164 951 23
choose 3508 1032 23
choose 4266 1073 23
choose 1073 3406 2
choose 3406 1264 3
choose 1264 759 10
choose 759 3128 11
choose 3406 3985 15
choose 3985 2487 3
choose 2487 640 10
choose 2487 4639 12
choose 3985 1615 14
choose 3128 2014 16
choose 2014 2172 18
choose 2172 4463 2
choose 4463 10 12
choose 3985 3185 20
choose 3185 3002 3
choose 640 4517 22
choose 4517 4492 17
choose 4492 1600 21
choose 1714 1261 23
choose 1261 793 3
choose 2814 1330 23
choose 3390 1519 23
choose 3920 1527 23
choose 4626 1543 23
choose 4569 1584 23
choose 1883 1614 23
choose 1210 1637 23
choose 1637 945 21
choose 945 967 10
choose 1637 1074 23
choose 3642 1659 23
choose 2394 1833 23
choose 3393 1958 23
choose 2067 2004 23
choose 2066 2012 23
choose 42 2120 23
choose 4216 2225 23
choose 2225 842 12
choose 842 3034 19
choose 1780 2248 23
choose 205 2256 23
choose 3878 2482 23
choose 2812 2498 23
choose 2154 2545 23
choose 3742 2724 23
choose 4970 2768 23
choose 2768 1716 11
choose 1716 2558 7
choose 2558 2917 19
choose 3224 2811 23
choose 3902 2883 23
choose 3173 2963 23
choose 2963 4574 4
choose 4574 4136 3
choose 4574 2792 6
choose 2963 162 22
choose 162 1120 12
choose 1120 322 3
choose 1120 3575 9
choose 3575 1650 3
choose 322 1655 10
choose 1655 2317 16
choose 1655 1957 20
choose 4574 2388 22
choose 2388 4695 2
choose 194 3287 23
choose 3287 3816 17
choose 2781 3316 23
choose 3316 3118 21
choose 4063 3330 23
choose 1956 3334 23
choose 3334 2932 6
choose 3334 2359 11
choose 2359 60 13
choose 2359 2179 17
choose 2179 3853 16
choose 3853 482 12
choose 2179 4461 19
choose 2350 3369 23
choose 3369 728 6
choose 1266 3394 23
choose 3394 815 23
choose 815 2000 7
choose 1726 3421 23
choose 484 3470 23
choose 3470 4780 15
choose 2813 3512 23
choose 2539 3527 23
choose 3260 3605 23
choose 3605 4345 21
choose 3456 3665 23
choose 4559 3782 23
choose 3782 1966 18
choose 1791 3799 23
choose 3799 3647 17
choose 3647 1268 12
choose 2170 3934 23
choose 765 4038 23
choose 2119 4045 23
choose 561 4172 23
choose 4172 3170 3
choose 4068 4352 23
choose 826 4365 23
choose 318 4406 23
choose 3858 4407 23
choose 4407 630 2
choose 4407 3794 12
choose 2621 4459 23
choose 3852 4539 23
choose 450 4548 23
choose 4548 4687 1
choose 4687 3375 7
choose 2229 4583 23
choose 4583 2285 2
choose 3171 4644 23
choose 4644 3342 18
choose 482 4705 23
choose 4651 4739 23
choose 2294 4784 23
choose 4784 569 22
choose 569 2425 8
choose 2425 2292 10
choose 569 2931 15
choose 2931 4941 3
choose 4282 4803 23
choose 4803 4096 18
choose 3864 4828 23
choose 580 4851 23
choose 4851 4363 5
choose 3664 4863 23
choose 2532 4967 23
choose 4967 4228 10
choose 2834 4986 23
choose 2277 87 24
choose 87 1025 18
choose 87 1610 20
choose 576 107 24
choose 107 125 8
choose 125 1495 19
choose 1495 1725 9
choose 1725 1589 14
choose 1725 1715 14
choose 4530 236 24
choose 236 3152 15
choose 3152 3721 20
choose 3163 289 24
choose 289 2470 16
choose 876 337 24
choose 4439 376 24
choose 376 2831 5
choose 2336 422 24
choose 4945 438 24
choose 273 591 24
choose 591 8 20
choose 8 2943 5
choose 2943 4716 11
choose 2943 1476 12
choose 2943 2632 19
choose 2632 3698 22
choose 3698 277 2
choose 3698 2153 2
choose 3698 894 19
choose 894 2832 12
choose 2832 3096 11
choose 894 2840 14
choose 3698 3645 21
choose 3645 2206 12
choose 3645 344 22
choose 4345 596 24
choose 3299 597 24
choose 4979 607 24
choose 607 476 12
choose 2711 635 24
choose 4257 648 24
choose 3340 698 24
choose 698 4464 18
choose 4120 736 24
choose 4168 741 24
choose 144 824 24
choose 824 4525 1
choose 3662 900 24
choose 874 915 24
choose 4455 1038 24
choose 4619 1146 24
choose 2393 1223 24
choose 224 1277 24
choose 4614 1303 24
choose 2017 1350 24
choose 3849 1405 24
choose 2785 1431 24
choose 1431 3177 23
choose 30 1499 24
choose 4261 1619 24
choose 1619 3891 12
choose 1713 1704 24
choose 1704 2838 3
choose 1119 1767 24
choose 1767 4157 14
choose 4157 3156 3
choose 3156 2528 11
choose 1767 1721 15
choose 1721 1419 14
choose 1874 1775 24
choose 4244 1793 24
choose 1793 349 7
choose 1795 1851 24
choose 1851 708 12
choose 347 1852 24
choose 3471 1905 24
choose 4286 1915 24
choose 1915 1341 1
choose 2393 1969 24
choose 4940 2025 24
choose 1193 2027 24
choose 3204 2156 24
choose 2141 2268 24
choose 2268 2118 8
choose 2118 2332 22
choose 2332 3791 10
choose 1140 2293 24
choose 259 2448 24
choose 2448 3676 15
choose 3676 4435 19
choose 394 2613 24
choose 2613 2095 10
choose 2613 3210 12
choose 2095 1224 17
choose 2613 3818 17
choose 3818 850 8
choose 4019 2697 24
choose 4774 2858 24
choose 1425 2869 24
choose 4040 2924 24
choose 1642 3264 24
choose 3781 3475 24
choose 4281 3477 24
choose 2458 3568 24
choose 1263 3696 24
choose 3392 3716 24
choose 3716 2630 23
choose 2630 1865 24
choose 1285 3836 24
choose 1937 3871 24
choose 3871 4792 1
choose 4792 895 24
choose 895 2198 2
choose 2695 4000 24
choose 4000 865 18
choose 865 184 6
choose 184 1007 7
choose 184 3811 9
choose 3811 1556 5
choose 184 3755 14
choose 3811 2846 16
choose 2846 2071 11
choose 3811 4320 18
choose 2821 4140 24
choose 3658 4175 24
choose 2415 4182 24
choose 4791 4200 24
choose 2033 4366 24
choose 4366 801 19
choose 4530 4377 24
choose 1132 4488 24
choose 4488 855 18
choose 855 2081 19
choose 3286 4638 24
choose 2749 4650 24
choose 4650 256 3
choose 783 4681 24
choose 4681 4793 14
choose 4540 4891 24
choose 4268 4905 24
choose 4905 4384 2
choose 4384 1914 13
choose 1914 2200 12
choose 2942 171 25
choose 329 180 25
choose 180 3638 14
choose 180 1471 21
choose 1471 4652 19
choose 4652 1307 9
choose 607 301 25
choose 322 339 25
choose 339 4106 14
choose 4106 2654 1
choose 339 3735 16
choose 838 430 25
choose 430 3244 14
choose 944 486 25
choose 168 832 25
choose 2331 1066 25
choose 2309 1115 25
choose 1115 4666 9
choose 545 1197 25
choose 1197 4097 11
choose 608 1315 25
choose 414 1410 25
choose 3094 1548 25
choose 951 1630 25
choose 1630 3464 14
choose 3464 612 2
choose 3464 1460 7
choose 3051 1636 25
choose 2922 1644 25
choose 1644 1316 23
choose 3988 1686 25
choose 4805 1800 25
choose 1800 4053 4
choose 1800 4677 13
choose 4053 1165 25
choose 2377 1816 25
choose 384 1974 25
choose 1635 2108 25
choose 2108 4579 17
choose 4579 2180 4
choose 2797 2145 25
choose 3183 2160 25
choose 4132 2210 25
choose 2210 1661 22
choose 2837 2241 25
choose 3488 2271 25
choose 2271 4144 7
choose 1535 2352 25
choose 2352 3252 3
choose 3252 2617 19
choose 3252 4604 20
choose 1308 2537 25
choose 2537 2626 16
choose 2876 2698 25
choose 2698 4309 20
choose 2698 756 22
choose 921 2754 25
choose 2754 3496 23
choose 3170 2845 25
choose 602 2877 25
choose 2877 2994 1
choose 2994 935 14
choose 3792 2880 25
choose 4163 3037 25
choose 2751 3144 25
choose 453 3225 25
choose 3225 2674 4
choose 3225 3760 10
choose 1982 3249 25
choose 1775 3320 25
choose 3818 3343 25
choose 3700 3401 25
choose 3401 4465 15
choose 932 3507 25
choose 3507 4657 3
choose 3612 3566 25
choose 3566 3139 12
choose 3843 3673 25
choose 2493 4080 25
choose 3660 4174 25
choose 4174 1082 21
choose 1082 2808 16
choose 2808 3764 7
choose 3764 3813 13
choose 1082 4436 22
choose 4174 1472 24
choose 1082 2301 24
choose 2352 4197 25
choose 115 4225 25
choose 4498 4235 25
choose 4235 4298 14
choose 3741 4343 25
choose 169 4412 25
choose 1881 4433 25
choose 4880 4434 25
choose 3606 4472 25
choose 1066 4480 25
choose 2140 4505 25
choose 1481 4508 25
choose 4508 2445 5
choose 3137 4556 25
choose 521 4698 25
choose 4698 412 4
choose 2504 4809 25
choose 3974 4859 25
choose 4665 4874 25
choose 4874 4924 3
choose 4874 3950 15
choose 21 4933 25
choose 4995 4934 25
choose 4934 1998 9
choose 1713 9 26
choose 4709 49 26
choose 3013 86 26
choose 86 4506 23
choose 4802 104 26
choose 104 1325 24
choose 1133 145 26
choose 3024 267 26
choose 4087 335 26
choose 4942 338 26
choose 338 4021 24
choose 4021 4256 17
choose 1999 378 26
choose 378 2759 21
choose 2759 3515 5
choose 318 404 26
choose 458 473 26
choose 655 475 26
choose 475 973 17
choose 1073 568 26
choose 2820 773 26
choose 773 3398 3
choose 4799 778 26
choose 778 1718 2
choose 4782 798 26
choose 3528 849 26
choose 1213 906 26
choose 906 4864 15
choose 4864 153 1
choose 4864 1456 20
choose 906 178 22
choose 178 506 22
choose 1288 960 26
choose 955 999 26
choose 999 2746 18
choose 2005 1084 26
choose 1084 4688 13
choose 3574 1109 26
choose 4177 1160 26
choose 1050 1191 26
choose 1191 719 14
choose 719 1206 2
choose 3112 1373 26
choose 1373 324 21
choose 4039 1377 26
choose 407 1390 26
choose 401 1517 26
choose 1517 2382 7
choose 1517 50 20
choose 50 3692 16
choose 3692 1042 26
choose 3834 1587 26
choose 2682 1761 26
choose 3743 1885 26
choose 2934 1887 26
choose 1887 1232 14
choose 914 1916 26
choose 1916 1972 10
choose 1972 3303 8
choose 3356 1935 26
choose 1935 3500 3
choose 1891 1943 26
choose 3176 1975 26
choose 1975 2126 18
choose 4799 2026 26
choose 2525 2048 26
choose 2676 2062 26
choose 1687 2080 26
choose 39 2147 26
choose 445 2204 26
choose 4932 2269 26
choose 2269 2056 18
choose 2056 1048 20
choose 3769 2303 26
choose 842 2417 26
choose 1788 2419 26
choose 2630 2496 26
choose 2496 332 23
choose 142 2519 26
choose 2104 2571 26
choose 2571 1663 12
choose 1663 1029 9
choose 1029 923 1
choose 923 1437 4
choose 1663 367 19
choose 367 3036 3
choose 4243 2800 26
choose 1932 2896 26
choose 2896 3621 19
choose 4958 3035 26
choose 3035 2367 25
choose 2367 586 16
choose 1286 3086 26
choose 4147 3145 26
choose 3145 369 12
choose 3145 3162 14
choose 3248 3155 26
choose 609 3208 26
choose 818 3391 26
choose 4959 3427 26
choose 306 3585 26
choose 2056 3802 26
choose 3802 1541 19
choose 1877 3819 26
choose 4153 3872 26
choose 3872 4382 5
choose 4904 3935 26
choose 3935 2652 19
choose 2652 1338 12
choose 1338 3725 4
choose 1338 4329 5
choose 569 4255 26
choose 343 4277 26
choose 622 4442 26
choose 4442 911 23
choose 593 4535 26
choose 3127 4536 26
choose 486 4630 26
choose 1603 4760 26
choose 2198 4796 26
choose 4320 4900 26
choose 2800 4910 26
choose 4045 4980 26
choose 4980 4101 2
choose 3232 127 27
choose 1725 139 27
choose 139 2488 1
choose 2488 2134 12
choose 139 3774 24
choose 8 279 27
choose 4951 310 27
choose 1475 415 27
choose 252 542 27
choose 542 624 21
choose 624 2508 2
choose 3201 583 27
choose 583 1161 11
choose 3884 628 27
choose 628 1668 1
choose 1668 3714 18
choose 3714 909 3
choose 3714 3357 3
choose 3714 3266 26
choose 3266 3241 16
choose 3466 939 27
choose 3080 962 27
choose 1256 1122 27
choose 1122 821 20
choose 219 1179 27
choose 2647 1184 27
choose 1184 819 11
choose 218 1416 27
choose 1416 1182 9
choose 3348 1557 27
choose 1557 4194 4
choose 4917 1571 27
choose 3880 1586 27
choose 2295 1599 27
choose 27 2021 27
choose 3120 2142 27
choose 2142 2722 1
choose 3256 2152 27
choose 2466 2291 27
choose 3694 2380 27
choose 2602 2414 27
choose 2414 124 1
choose 2414 4662 17
choose 4662 3656 22
choose 1935 2421 27
choose 2421 546 2
choose 4505 2727 27
choose 1762 2728 27
choose 3213 2755 27
choose 2585 2884 27
choose 2884 3033 20
choose 734 2888 27
choose 2647 2926 27
choose 4635 2957 27
choose 94 3069 27
choose 3069 1002 20
choose 4151 3100 27
choose 4384 3174 27
choose 798 3440 27
choose 101 3453 27
choose 3556 3539 27
choose 3539 3749 8
choose 3729 3550 27
choose 3550 4914 14
choose 4914 1566 6
choose 3994 3942 27
choose 3603 4099 27
choose 842 4198 27
choose 2694 4215 27
choose 3511 4265 27
choose 2123 4303 27
choose 4303 2909 11
choose 2966 4347 27
choose 4411 4431 27
choose 701 4477 27
choose 4477 878 19
choose 878 3993 26
choose 3993 2135 3
choose 1295 4558 27
choose 589 4585 27
choose 1595 4594 27
choose 2924 4653 27
choose 2781 4715 27
choose 1494 4720 27
choose 2700 4850 27
choose 1220 4857 27
choose 1804 4875 27
choose 2537 4964 27
choose 4964 1645 16
choose 1645 3383 14
choose 3383 3770 19
choose 1999 131 28
choose 131 1523 3
choose 3857 198 28
choose 2455 243 28
choose 825 246 28
choose 160 342 28
choose 342 4124 8
choose 1373 408 28
choose 206 548 28
choose 548 298 23
choose 2830 577 28
choose 2037 588 28
choose 4997 788 28
choose 1598 813 28
choose 126 823 28
choose 3298 851 28
choose 1036 953 28
choose 953 1522 12
choose 953 61 26
choose 4027 1260 28
choose 2642 1384 28
choose 2496 1473 28
choose 1473 1247 18
choose 1963 1552 28
choose 3632 1634 28
choose 722 1946 28
choose 1425 1949 28
choose 4353 1991 28
choose 212 2016 28
choose 3387 2106 28
choose 1985 2355 28
choose 3253 2383 28
choose 1193 2384 28
choose 2384 4710 4
choose 4710 2162 10
choose 2162 1192 19
choose 2228 2387 28
choose 2387 3063 11
choose 2891 2454 28
choose 2454 3160 19
choose 3160 3613 8
choose 1559 2610 28
choose 696 2729 28
choose 4201 2787 28
choose 2787 2662 1
choose 2662 4996 8
choose 2787 1742 19
choose 3301 2967 28
choose 1780 2978 28
choose 3498 2992 28
choose 4236 3057 28
choose 4122 3129 28
choose 408 3192 28
choose 3192 4808 6
choose 2131 3202 28
choose 3897 3203 28
choose 1642 3217 28
choose 2957 3415 28
choose 771 3478 28
choose 3478 4576 24
choose 1882 3571 28
choose 3661 3601 28
choose 3427 3704 28
choose 3834 3722 28
choose 603 3768 28
choose 2473 3870 28
choose 662 3977 28
choose 1261 4036 28
choose 3852 4064 28
choose 4064 3646 10
choose 3646 143 16
choose 143 674 18
choose 42 4093 28
choose 4093 2163 11
choose 2591 4139 28
choose 4720 4187 28
choose 4989 4195 28
choose 4943 4230 28
choose 4230 373 10
choose 2949 4386 28
choose 3614 4564 28
choose 4564 1299 21
choose 542 4621 28
choose 4621 1415 27
choose 1415 957 10
choose 4365 4689 28
choose 4689 3230 17
choose 3230 305 5
choose 1544 4778 28
choose 2259 67 29
choose 1314 79 29
choose 114 85 29
choose 85 4597 17
choose 2912 93 29
choose 1793 214 29
choose 1565 220 29
choose 220 2020 28
choose 4243 299 29
choose 299 1694 27
choose 1694 3157 10
choose 545 436 29
choose 436 1150 15
choose 2525 489 29
choose 489 4271 25
choose 4793 508 29
choose 508 4865 2
choose 2665 618 29
choose 618 2503 23
choose 384 795 29
choose 2787 799 29
choose 746 833 29
choose 2987 834 29
choose 834 1753 22
choose 834 2236 28
choose 2236 2646 25
choose 1749 885 29
choose 2455 981 29
choose 981 2410 19
choose 767 1372 29
choose 1372 3957 7
choose 3957 4578 4
choose 663 1536 29
choose 4592 1597 29
choose 977 1684 29
choose 1321 1720 29
choose 2899 1755 29
choose 4435 1771 29
choose 3507 1796 29
choose 4508 1892 29
choose 4865 2273 29
choose 4643 2505 29
choose 2974 2576 29
choose 424 2594 29
choose 3393 2856 29
choose 27 2885 29
choose 927 2929 29
choose 4481 2968 29
choose 2968 2501 3
choose 2968 493 5
choose 2501 4911 10
choose 2968 4872 19
choose 3138 3027 29
choose 4577 3114 29
choose 3114 4814 16
choose 4093 3175 29
choose 1159 3374 29
choose 664 3569 29
choose 3440 3595 29
choose 3268 3600 29
choose 4172 3970 29
choose 3970 3214 1
choose 3970 4965 3
choose 2066 4047 29
choose 561 4100 29
choose 3016 4166 29
choose 3661 4232 29
choose 1437 4425 29
choose 4072 4734 29
choose 4496 4847 29
choose 3044 4902 29
choose 4902 249 26
choose 249 4462 1
choose 2012 177 30
choose 177 2616 23
choose 2616 2158 5
choose 177 1196 27
choose 1196 4529 8
choose 1931 188 30
choose 2621 538 30
choose 472 541 30
choose 541 1596 6
choose 541 2369 25
choose 1319 668 30
choose 668 2981 4
choose 1978 694 30
choose 3398 705 30
choose 3991 836 30
choose 861 1078 30
choose 1078 3050 14
choose 3050 2125 21
choose 1134 1089 30
choose 1089 2072 3
choose 2072 2547 3
choose 1089 237 6
choose 1372 1095 30
choose 330 1189 30
choose 2126 1407 30
choose 1407 4062 16
choose 823 1420 30
choose 3610 1469 30
choose 1234 1520 30
choose 1520 35 11
choose 35 1446 1
choose 1446 271 18
choose 271 1893 22
choose 1513 1555 30
choose 1555 2337 16
choose 2309 1578 30
choose 3058 1629 30
choose 1615 1683 30
choose 4086 1878 30
choose 1145 1903 30
choose 1903 2796 24
choose 2796 4572 8
choose 2663 2258 30
choose 2258 2391 14
choose 3171 2572 30
choose 2572 3668 27
choose 3318 2609 30
choose 1995 2645 30
choose 3482 2664 30
choose 1226 2908 30
choose 386 3116 30
choose 896 3134 30
choose 3134 4458 12
choose 2785 3257 30
choose 3257 1959 13
choose 2451 3262 30
choose 3262 2738 4
choose 2738 186 25
choose 1434 3272 30
choose 3272 2002 21
choose 2236 3279 30
choose 893 3373 30
choose 3373 488 6
choose 488 4011 21
choose 2610 3492 30
choose 507 3521 30
choose 805 3573 30
choose 3135 3578 30
choose 1817 3772 30
choose 3772 2658 28
choose 3477 3966 30
choose 4680 3981 30
choose 489 4071 30
choose 4071 870 24
choose 870 709 20
choose 3092 4302 30
choose 3078 4354 30
choose 4354 646 4
choose 646 683 14
choose 239 4526 30
choose 799 4575 30
choose 188 4806 30
choose 4806 3423 24
choose 3423 4655 17
choose 274 136 31
choose 558 190 31
choose 3741 284 31
choose 284 3832 27
choose 4320 567 31
choose 699 613 31
choose 1971 897 31
choose 1653 989 31
choose 989 1538 7
choose 3384 1061 31
choose 3785 1331 31
choose 1331 3469 17
choose 2205 1547 31
choose 2902 1996 31
choose 4434 2083 31
choose 1911 2102 31
choose 4501 2157 31
choose 12 2240 31
choose 3695 2249 31
choose 2110 2289 31
choose 3086 2372 31
choose 872 2492 31
choose 1906 2511 31
choose 1386 3008 31
choose 3008 4012 25
choose 4994 3251 31
choose 4458 3300 31
choose 3449 3669 31
choose 4947 3775 31
choose 3775 1867 11
choose 2086 3940 31
choose 3940 464 15
choose 464 3006 9
choose 2128 4192 31
choose 4202 4475 31
choose 3140 4562 31
choose 4707 4563 31
choose 4499 4568 31
choose 4568 1355 28
choose 1355 721 15
choose 1038 170 32
choose 2695 326 32
choose 4350 341 32
choose 2770 526 32
choose 1812 633 32
choose 633 3960 7
choose 623 707 32
choose 757 774 32
choose 723 829 32
choose 4042 868 32
choose 3895 1106 32
choose 1929 1164 32
choose 1792 1204 32
choose 4439 1205 32
choose 1554 1363 32
choose 1363 4722 4
choose 4561 1404 32
choose 1277 1542 32
choose 3825 1590 32
choose 1982 1894 32
choose 378 2305 32
choose 2305 165 7
choose 165 3837 23
choose 3466 2465 32
choose 2370 2500 32
choose 3405 2521 32
choose 2521 1347 4
choose 1347 2561 14
choose 3358 2562 32
choose 2562 1412 18
choose 2654 2615 32
choose 484 2683 32
choose 3118 2763 32
choose 1115 2810 32
choose 1551 2962 32
choose 4980 2969 32
choose 4191 3089 32
choose 3089 3630 9
choose 1050 3142 32
choose 1150 3236 32
choose 4705 3323 32
choose 3323 1609 29
choose 1168 3752 32
choose 4711 4223 32
choose 4223 3538 5
choose 718 4618 32
choose 4618 1858 28
choose 4609 4625 32
choose 4867 4660 32
choose 1744 4820 32
choose 2430 4929 32
choose 2518 32 33
choose 579 44 33
choose 1123 228 33
choose 3420 231 33
choose 3867 478 33
choose 382 503 33
choose 4016 685 33
choose 3395 689 33
choose 689 2183 5
choose 689 2566 24
choose 2585 811 33
choose 4607 1194 33
choose 1672 1326 33
choose 362 1674 33
choose 1674 2091 9
choose 2265 1854 33
choose 2926 1942 33
choose 1942 1662 33
choose 4686 1970 33
choose 1561 2191 33
choose 961 2272 33
choose 4508 2368 33
choose 2419 2472 33
choose 4384 2620 33
choose 301 3065 33
choose 851 3308 33
choose 4486 3360 33
choose 2516 3931 33
choose 3931 377 5
choose 3462 3999 33
choose 3832 4083 33
choose 2269 4156 33
choose 1745 4315 33
choose 3545 4502 33
choose 398 4557 33
choose 2586 4641 33
choose 2863 4725 33
choose 2116 4987 33
choose 4298 166 34
choose 2579 308 34
choose 308 1020 18
choose 4830 385 34
choose 4256 585 34
choose 2694 949 34
choose 2333 958 34
choose 958 3105 11
choose 2721 1306 34
choose 2920 1399 34
choose 4732 1747 34
choose 52 2564 34
choose 1715 2634 34
choose 260 2709 34
choose 2495 2868 34
choose 3182 2879 34
choose 4870 2948 34
choose 914 2983 34
choose 3532 3043 34
choose 1912 3107 34
choose 1206 3467 34
choose 615 3506 34
choose 1942 3620 34
choose 3429 3639 34
choose 4418 4090 34
choose 4471 4164 34
choose 978 4185 34
choose 4435 4287 34
choose 3532 4440 34
choose 1047 4672 34
choose 3849 4731 34
choose 4731 946 21
choose 1998 4751 34
choose 140 4764 34
choose 4764 157 27
choose 157 2209 18
choose 4723 4879 34
choose 4336 5 35
choose 1956 6 35
choose 6 1770 18
choose 1770 1296 32
choose 173 43 35
choose 2783 325 35
choose 4792 425 35
choose 4002 554 35
choose 4518 956 35
choose 3566 1211 35
choose 3504 1369 35
choose 607 1411 35
choose 1411 2069 11
choose 981 1709 35
choose 488 2114 35
choose 330 2165 35
choose 2047 2274 35
choose 4131 2276 35
choose 3245 2334 35
choose 2334 1994 33
choose 3598 2523 35
choose 622 2541 35
choose 961 2741 35
choose 3329 2816 35
choose 258 2829 35
choose 2802 3305 35
choose 3591 3352 35
choose 1608 3442 35
choose 4243 3455 35
choose 2747 3540 35
choose 4437 3624 35
choose 4873 3754 35
choose 4386 4066 35
choose 4066 1926 14
choose 4066 1944 34
choose 1756 4176 35
choose 2074 4456 35
choose 2813 4833 35
choose 4833 1018 35
choose 3385 658 36
choose 2188 792 36
choose 1193 1531 36
choose 625 1564 36
choose 1564 2 22
choose 2 2485 17
choose 1704 1759 36
choose 947 2076 36
choose 2076 1643 18
choose 2487 2146 36
choose 1315 2151 36
choose 2207 2357 36
choose 2357 539 10
choose 2357 4413 23
choose 539 892 36
choose 892 1533 24
choose 3743 2736 36
choose 4712 3188 36
choose 1893 3338 36
choose 2812 3503 36
choose 90 3534 36
choose 2343 3773 36
choose 1468 4305 36
choose 2633 4324 36
choose 3485 4333 36
choose 4333 3081 23
choose 2953 4514 36
choose 206 4547 36
choose 4547 1701 5
choose 361 4813 36
choose 4952 4921 36
choose 3107 4936 36
choose 4423 55 37
choose 1310 155 37
choose 155 2176 19
choose 5 235 37
choose 598 278 37
choose 1947 643 37
choose 3128 925 37
choose 721 1104 37
choose 672 1459 37
choose 1459 3364 19
choose 3846 1752 37
choose 4802 1938 37
choose 1942 2122 37
choose 392 2149 37
choose 3631 2324 37
choose 4058 2565 37
choose 4298 2824 37
choose 1809 2842 37
choose 2096 2886 37
choose 510 3222 37
choose 3222 3113 31
choose 1481 3322 37
choose 830 3626 37
choose 540 3653 37
choose 367 4111 37
choose 1031 4420 37
choose 2622 4551 37
choose 3017 4766 37
choose 1431 106 38
choose 3946 238 38
choose 2358 393 38
choose 3903 847 38
choose 4638 1056 38
choose 651 1332 38
choose 4201 1700 38
choose 1700 2030 19
choose 4849 1827 38
choose 3351 2471 38
choose 2471 4683 25
choose 2328 2867 38
choose 783 3052 38
choose 2415 3066 38
choose 4632 3124 38
choose 2300 3221 38
choose 2023 3730 38
choose 3730 3001 26
choose 1193 3995 38
choose 3063 4357 38
choose 1282 4757 38
choose 4834 4759 38
choose 3491 4919 38
choose 2535 808 39
choose 1524 1118 39
choose 2268 1302 39
choose 2823 1754 39
choose 1635 1907 39
choose 4138 2057 39
choose 924 2238 39
choose 3822 2447 39
choose 1816 2549 39
choose 4093 2583 39
choose 240 3009 39
choose 3009 4272 24
choose 4398 3288 39
choose 2958 3324 39
choose 3324 4538 5
choose 1999 3499 39
choose 3035 3562 39
choose 3562 2440 35
choose 4404 3640 39
choose 1031 3800 39
choose 3908 4293 39
choose 288 4383 39
choose 2348 4528 39
choose 626 4818 39
choose 4818 444 37
choose 916 209 40
choose 3779 948 40
choose 3492 985 40
choose 4981 1091 40
choose 3432 1342 40
choose 863 1808 40
choose 1808 1696 24
choose 3228 1962 40
choose 4136 1989 40
choose 1989 149 40
choose 4723 2064 40
choose 4667 2344 40
choose 3392 2527 40
choose 3123 3670 40
choose 3670 3905 20
choose 4112 3736 40
choose 1332 4008 40
choose 1980 4402 40
choose 4278 4581 40
choose 828 147 41
choose 147 1497 22
choose 2721 600 41
choose 3997 620 41
choose 620 4844 36
choose 4400 809 41
choose 773 1424 41
choose 3566 1774 41
choose 3077 2307 41
choose 3813 2973 41
choose 4810 3098 41
choose 815 3154 41
choose 3039 3184 41
choose 4600 3609 41
choose 4149 4253 41
choose 4433 4786 41
choose 1014 4798 41
choose 4956 257 42
choose 2866 471 42
choose 4159 560 42
choose 560 328 15
choose 219 881 42
choose 4058 1135 42
choose 4910 1177 42
choose 1177 4033 29
choose 445 1511 42
choose 1667 1604 42
choose 1326 1631 42
choose 3175 2124 42
choose 3757 2308 42
choose 3418 2340 42
choose 2245 2778 42
choose 4668 3915 42
choose 3915 468 16
choose 4714 3951 42
choose 4845 4204 42
choose 3977 4449 42
choose 304 4484 42
choose 4484 2538 33
choose 3007 4645 42
choose 4499 4646 42
choose 3471 4854 42
choose 4090 4963 42
choose 2014 121 43
choose 935 1131 43
choose 1771 1532 43
choose 1981 1773 43
choose 2544 1955 43
choose 1914 2940 43
choose 2940 1228 27
choose 2063 3679 43
choose 2900 1711 44
choose 4056 1856 44
choose 143 2216 44
choose 3018 2775 44
choose 86 3166 44
choose 4115 4527 44
choose 567 4588 44
choose 894 4642 44
choose 2149 4719 44
choose 801 156 45
choose 3609 1693 45
choose 1914 1790 45
choose 3559 2578 45
choose 4592 3267 45
choose 3882 3366 45
choose 4437 3786 45
choose 19 3827 45
choose 521 4245 45
choose 906 4454 45
choose 3969 282 46
choose 4558 451 46
choose 3788 780 46
choose 1305 790 46
choose 1061 1772 46
choose 417 1927 46
choose 2329 3333 46
choose 3044 3336 46
choose 4587 3688 46
choose 1145 3943 46
choose 2080 4082 46
choose 3839 4399 46
choose 64 4500 46
choose 852 4744 46
choose 774 2371 47
choose 4884 2480 47
choose 769 2794 47
choose 1931 3720 47
choose 3801 4162 47
choose 603 4186 47
choose 32 4296 47
choose 4192 452 48
choose 452 2514 27
choose 2514 4903 32
choose 279 1153 48
choose 1153 2970 22
choose 272 1309 48
choose 3905 1374 48
choose 3368 1525 48
choose 1198 2279 48
choose 3902 3734 48
choose 3734 4925 26
choose 4273 4479 48
choose 3856 112 49
choose 1564 158 49
choose 2264 670 49
choose 1186 1276 49
choose 4837 2636 49
choose 2130 3444 49
choose 957 3953 49
choose 3673 1009 50
choose 1759 2915 50
choose 2010 3041 50
choose 2296 4206 50
choose 423 152 51
choose 792 479 51
choose 3423 1107 51
choose 24 1127 51
choose 188 2801 51
choose 381 2935 51
choose 3971 3553 51
choose 4929 3963 51
choose 585 4493 51
choose 2012 4509 51
choose 3994 652 52
choose 652 4246 2
choose 3764 730 52
choose 730 3010 21
choose 2970 1322 52
choose 4601 1388 52
choose 3080 1823 52
choose 141 2441 52
choose 3013 2750 52
choose 1184 4923 52
choose 4923 2280 41
choose 2009 975 53
choose 3218 1054 53
choose 1813 2930 53
choose 1325 3447 53
choose 1968 3487 53
choose 2967 3518 53
choose 1779 4275 53
choose 4769 4429 53
choose 4607 4746 53
choose 4869 4983 53
choose 1166 660 54
choose 3440 1392 54
choose 4588 1806 54
choose 4640 2686 54
choose 385 4279 54
choose 2265 263 55
choose 3016 485 55
choose 4815 2090 55
choose 780 3121 55
choose 4009 3159 55
choose 272 3758 55
choose 1649 4628 55
choose 1636 4752 55
choose 4679 4756 55
choose 4534 574 56
choose 3843 1008 56
choose 4872 2144 56
choose 2869 4050 56
choose 1680 4242 56
choose 4242 4768 24
choose 321 4976 56
choose 2770 371 57
choose 2201 3713 57
choose 2314 3787 57
choose 399 3850 57
choose 1984 671 58
choose 2308 879 58
choose 28 1324 58
choose 492 1784 58
choose 4587 2174 58
choose 250 3053 58
choose 1881 4408 58
choose 2063 4596 58
choose 3720 4721 58
choose 4252 460 59
choose 3556 2424 59
choose 351 3211 59
choose 3469 3703 59
choose 2809 1112 60
choose 164 3607 60
choose 177 3797 60
choose 3583 4843 60
choose 636 601 61
choose 19 4606 61
choose 2410 968 62
choose 2327 1026 62
choose 906 1040 62
choose 1929 776 63
choose 3470 1060 63
choose 1060 4693 11
choose 2116 1880 63
choose 2978 2637 63
choose 559 2849 63
choose 1030 3167 63
choose 4393 3650 63
choose 3600 92 64
choose 92 3359 44
choose 3651 357 64
choose 357 4748 63
choose 348 1810 64
choose 3246 2719 64
choose 2719 3075 25
choose 4880 3552 64
choose 2722 1924 65
choose 146 1013 66
choose 534 1786 67
choose 1170 2629 67
choose 4581 4490 67
choose 836 372 68
choose 3148 1848 68
choose 642 563 69
choose 2040 1443 69
choose 4306 571 70
choose 857 686 71
choose 3625 2612 71
choose 1773 4886 71
choose 2895 1698 72
choose 1168 2166 72
choose 4976 2427 72
choose 3425 4713 72
choose 3529 2366 75
choose 3225 1930 76
choose 4333 2416 78
choose 2494 3281 80
choose 4440 4338 80
choose 61 933 81
choose 1105 1114 81
choose 4021 2129 83
choose 1067 3636 83
choose 3503 1896 84
choose 3281 2735 84
choose 355 839 86
choose 717 3341 86
choose 3469 1435 90
77824
